/*--------------------------------*- C++ -*----------------------------------*\
| =========                 |                                                 |
| \\      /  F ield         | OpenFOAM: The Open Source CFD Toolbox           |
|  \\    /   O peration     | Version:  v2012                                 |
|   \\  /    A nd           | Website:  www.openfoam.com                      |
|    \\/     M anipulation  |                                                 |
\*---------------------------------------------------------------------------*/
FoamFile
{
    version     2.0;
    format      ascii;
    class       vectorField;
    location    "constant/polyMesh";
    object      points;
}
// * * * * * * * * * * * * * * * * * * * * * * * * * * * * * * * * * * * * * //


4242
(
(0 -0.073 0)
(0.0073 -0.073 0)
(0.0146 -0.073 0)
(0.0219 -0.073 0)
(0.0292 -0.073 0)
(0.0365 -0.073 0)
(0.0438 -0.073 0)
(0.0511 -0.073 0)
(0.0584 -0.073 0)
(0.0657 -0.073 0)
(0.073 -0.073 0)
(0.0803 -0.073 0)
(0.0876 -0.073 0)
(0.0949 -0.073 0)
(0.1022 -0.073 0)
(0.1095 -0.073 0)
(0.1168 -0.073 0)
(0.1241 -0.073 0)
(0.1314 -0.073 0)
(0.1387 -0.073 0)
(0.146 -0.073 0)
(0.1533 -0.073 0)
(0.1606 -0.073 0)
(0.1679 -0.073 0)
(0.1752 -0.073 0)
(0.1825 -0.073 0)
(0.1898 -0.073 0)
(0.1971 -0.073 0)
(0.2044 -0.073 0)
(0.2117 -0.073 0)
(0.219 -0.073 0)
(0.2263 -0.073 0)
(0.2336 -0.073 0)
(0.2409 -0.073 0)
(0.2482 -0.073 0)
(0.2555 -0.073 0)
(0.2628 -0.073 0)
(0.2701 -0.073 0)
(0.2774 -0.073 0)
(0.2847 -0.073 0)
(0.292 -0.073 0)
(0.2993 -0.073 0)
(0.3066 -0.073 0)
(0.3139 -0.073 0)
(0.3212 -0.073 0)
(0.3285 -0.073 0)
(0.3358 -0.073 0)
(0.3431 -0.073 0)
(0.3504 -0.073 0)
(0.3577 -0.073 0)
(0.365 -0.073 0)
(0.3723 -0.073 0)
(0.3796 -0.073 0)
(0.3869 -0.073 0)
(0.3942 -0.073 0)
(0.4015 -0.073 0)
(0.4088 -0.073 0)
(0.4161 -0.073 0)
(0.4234 -0.073 0)
(0.4307 -0.073 0)
(0.438 -0.073 0)
(0.4453 -0.073 0)
(0.4526 -0.073 0)
(0.4599 -0.073 0)
(0.4672 -0.073 0)
(0.4745 -0.073 0)
(0.4818 -0.073 0)
(0.4891 -0.073 0)
(0.4964 -0.073 0)
(0.5037 -0.073 0)
(0.511 -0.073 0)
(0.5183 -0.073 0)
(0.5256 -0.073 0)
(0.5329 -0.073 0)
(0.5402 -0.073 0)
(0.5475 -0.073 0)
(0.5548 -0.073 0)
(0.5621 -0.073 0)
(0.5694 -0.073 0)
(0.5767 -0.073 0)
(0.584 -0.073 0)
(0.5913 -0.073 0)
(0.5986 -0.073 0)
(0.6059 -0.073 0)
(0.6132 -0.073 0)
(0.6205 -0.073 0)
(0.6278 -0.073 0)
(0.6351 -0.073 0)
(0.6424 -0.073 0)
(0.6497 -0.073 0)
(0.657 -0.073 0)
(0.6643 -0.073 0)
(0.6716 -0.073 0)
(0.6789 -0.073 0)
(0.6862 -0.073 0)
(0.6935 -0.073 0)
(0.7008 -0.073 0)
(0.7081 -0.073 0)
(0.7154 -0.073 0)
(0.7227 -0.073 0)
(0.73 -0.073 0)
(0 -0.0657 0)
(0.0073 -0.0657 0)
(0.0146 -0.0657 0)
(0.0219 -0.0657 0)
(0.0292 -0.0657 0)
(0.0365 -0.0657 0)
(0.0438 -0.0657 0)
(0.0511 -0.0657 0)
(0.0584 -0.0657 0)
(0.0657 -0.0657 0)
(0.073 -0.0657 0)
(0.0803 -0.0657 0)
(0.0876 -0.0657 0)
(0.0949 -0.0657 0)
(0.1022 -0.0657 0)
(0.1095 -0.0657 0)
(0.1168 -0.0657 0)
(0.1241 -0.0657 0)
(0.1314 -0.0657 0)
(0.1387 -0.0657 0)
(0.146 -0.0657 0)
(0.1533 -0.0657 0)
(0.1606 -0.0657 0)
(0.1679 -0.0657 0)
(0.1752 -0.0657 0)
(0.1825 -0.0657 0)
(0.1898 -0.0657 0)
(0.1971 -0.0657 0)
(0.2044 -0.0657 0)
(0.2117 -0.0657 0)
(0.219 -0.0657 0)
(0.2263 -0.0657 0)
(0.2336 -0.0657 0)
(0.2409 -0.0657 0)
(0.2482 -0.0657 0)
(0.2555 -0.0657 0)
(0.2628 -0.0657 0)
(0.2701 -0.0657 0)
(0.2774 -0.0657 0)
(0.2847 -0.0657 0)
(0.292 -0.0657 0)
(0.2993 -0.0657 0)
(0.3066 -0.0657 0)
(0.3139 -0.0657 0)
(0.3212 -0.0657 0)
(0.3285 -0.0657 0)
(0.3358 -0.0657 0)
(0.3431 -0.0657 0)
(0.3504 -0.0657 0)
(0.3577 -0.0657 0)
(0.365 -0.0657 0)
(0.3723 -0.0657 0)
(0.3796 -0.0657 0)
(0.3869 -0.0657 0)
(0.3942 -0.0657 0)
(0.4015 -0.0657 0)
(0.4088 -0.0657 0)
(0.4161 -0.0657 0)
(0.4234 -0.0657 0)
(0.4307 -0.0657 0)
(0.438 -0.0657 0)
(0.4453 -0.0657 0)
(0.4526 -0.0657 0)
(0.4599 -0.0657 0)
(0.4672 -0.0657 0)
(0.4745 -0.0657 0)
(0.4818 -0.0657 0)
(0.4891 -0.0657 0)
(0.4964 -0.0657 0)
(0.5037 -0.0657 0)
(0.511 -0.0657 0)
(0.5183 -0.0657 0)
(0.5256 -0.0657 0)
(0.5329 -0.0657 0)
(0.5402 -0.0657 0)
(0.5475 -0.0657 0)
(0.5548 -0.0657 0)
(0.5621 -0.0657 0)
(0.5694 -0.0657 0)
(0.5767 -0.0657 0)
(0.584 -0.0657 0)
(0.5913 -0.0657 0)
(0.5986 -0.0657 0)
(0.6059 -0.0657 0)
(0.6132 -0.0657 0)
(0.6205 -0.0657 0)
(0.6278 -0.0657 0)
(0.6351 -0.0657 0)
(0.6424 -0.0657 0)
(0.6497 -0.0657 0)
(0.657 -0.0657 0)
(0.6643 -0.0657 0)
(0.6716 -0.0657 0)
(0.6789 -0.0657 0)
(0.6862 -0.0657 0)
(0.6935 -0.0657 0)
(0.7008 -0.0657 0)
(0.7081 -0.0657 0)
(0.7154 -0.0657 0)
(0.7227 -0.0657 0)
(0.73 -0.0657 0)
(0 -0.0584 0)
(0.0073 -0.0584 0)
(0.0146 -0.0584 0)
(0.0219 -0.0584 0)
(0.0292 -0.0584 0)
(0.0365 -0.0584 0)
(0.0438 -0.0584 0)
(0.0511 -0.0584 0)
(0.0584 -0.0584 0)
(0.0657 -0.0584 0)
(0.073 -0.0584 0)
(0.0803 -0.0584 0)
(0.0876 -0.0584 0)
(0.0949 -0.0584 0)
(0.1022 -0.0584 0)
(0.1095 -0.0584 0)
(0.1168 -0.0584 0)
(0.1241 -0.0584 0)
(0.1314 -0.0584 0)
(0.1387 -0.0584 0)
(0.146 -0.0584 0)
(0.1533 -0.0584 0)
(0.1606 -0.0584 0)
(0.1679 -0.0584 0)
(0.1752 -0.0584 0)
(0.1825 -0.0584 0)
(0.1898 -0.0584 0)
(0.1971 -0.0584 0)
(0.2044 -0.0584 0)
(0.2117 -0.0584 0)
(0.219 -0.0584 0)
(0.2263 -0.0584 0)
(0.2336 -0.0584 0)
(0.2409 -0.0584 0)
(0.2482 -0.0584 0)
(0.2555 -0.0584 0)
(0.2628 -0.0584 0)
(0.2701 -0.0584 0)
(0.2774 -0.0584 0)
(0.2847 -0.0584 0)
(0.292 -0.0584 0)
(0.2993 -0.0584 0)
(0.3066 -0.0584 0)
(0.3139 -0.0584 0)
(0.3212 -0.0584 0)
(0.3285 -0.0584 0)
(0.3358 -0.0584 0)
(0.3431 -0.0584 0)
(0.3504 -0.0584 0)
(0.3577 -0.0584 0)
(0.365 -0.0584 0)
(0.3723 -0.0584 0)
(0.3796 -0.0584 0)
(0.3869 -0.0584 0)
(0.3942 -0.0584 0)
(0.4015 -0.0584 0)
(0.4088 -0.0584 0)
(0.4161 -0.0584 0)
(0.4234 -0.0584 0)
(0.4307 -0.0584 0)
(0.438 -0.0584 0)
(0.4453 -0.0584 0)
(0.4526 -0.0584 0)
(0.4599 -0.0584 0)
(0.4672 -0.0584 0)
(0.4745 -0.0584 0)
(0.4818 -0.0584 0)
(0.4891 -0.0584 0)
(0.4964 -0.0584 0)
(0.5037 -0.0584 0)
(0.511 -0.0584 0)
(0.5183 -0.0584 0)
(0.5256 -0.0584 0)
(0.5329 -0.0584 0)
(0.5402 -0.0584 0)
(0.5475 -0.0584 0)
(0.5548 -0.0584 0)
(0.5621 -0.0584 0)
(0.5694 -0.0584 0)
(0.5767 -0.0584 0)
(0.584 -0.0584 0)
(0.5913 -0.0584 0)
(0.5986 -0.0584 0)
(0.6059 -0.0584 0)
(0.6132 -0.0584 0)
(0.6205 -0.0584 0)
(0.6278 -0.0584 0)
(0.6351 -0.0584 0)
(0.6424 -0.0584 0)
(0.6497 -0.0584 0)
(0.657 -0.0584 0)
(0.6643 -0.0584 0)
(0.6716 -0.0584 0)
(0.6789 -0.0584 0)
(0.6862 -0.0584 0)
(0.6935 -0.0584 0)
(0.7008 -0.0584 0)
(0.7081 -0.0584 0)
(0.7154 -0.0584 0)
(0.7227 -0.0584 0)
(0.73 -0.0584 0)
(0 -0.0511 0)
(0.0073 -0.0511 0)
(0.0146 -0.0511 0)
(0.0219 -0.0511 0)
(0.0292 -0.0511 0)
(0.0365 -0.0511 0)
(0.0438 -0.0511 0)
(0.0511 -0.0511 0)
(0.0584 -0.0511 0)
(0.0657 -0.0511 0)
(0.073 -0.0511 0)
(0.0803 -0.0511 0)
(0.0876 -0.0511 0)
(0.0949 -0.0511 0)
(0.1022 -0.0511 0)
(0.1095 -0.0511 0)
(0.1168 -0.0511 0)
(0.1241 -0.0511 0)
(0.1314 -0.0511 0)
(0.1387 -0.0511 0)
(0.146 -0.0511 0)
(0.1533 -0.0511 0)
(0.1606 -0.0511 0)
(0.1679 -0.0511 0)
(0.1752 -0.0511 0)
(0.1825 -0.0511 0)
(0.1898 -0.0511 0)
(0.1971 -0.0511 0)
(0.2044 -0.0511 0)
(0.2117 -0.0511 0)
(0.219 -0.0511 0)
(0.2263 -0.0511 0)
(0.2336 -0.0511 0)
(0.2409 -0.0511 0)
(0.2482 -0.0511 0)
(0.2555 -0.0511 0)
(0.2628 -0.0511 0)
(0.2701 -0.0511 0)
(0.2774 -0.0511 0)
(0.2847 -0.0511 0)
(0.292 -0.0511 0)
(0.2993 -0.0511 0)
(0.3066 -0.0511 0)
(0.3139 -0.0511 0)
(0.3212 -0.0511 0)
(0.3285 -0.0511 0)
(0.3358 -0.0511 0)
(0.3431 -0.0511 0)
(0.3504 -0.0511 0)
(0.3577 -0.0511 0)
(0.365 -0.0511 0)
(0.3723 -0.0511 0)
(0.3796 -0.0511 0)
(0.3869 -0.0511 0)
(0.3942 -0.0511 0)
(0.4015 -0.0511 0)
(0.4088 -0.0511 0)
(0.4161 -0.0511 0)
(0.4234 -0.0511 0)
(0.4307 -0.0511 0)
(0.438 -0.0511 0)
(0.4453 -0.0511 0)
(0.4526 -0.0511 0)
(0.4599 -0.0511 0)
(0.4672 -0.0511 0)
(0.4745 -0.0511 0)
(0.4818 -0.0511 0)
(0.4891 -0.0511 0)
(0.4964 -0.0511 0)
(0.5037 -0.0511 0)
(0.511 -0.0511 0)
(0.5183 -0.0511 0)
(0.5256 -0.0511 0)
(0.5329 -0.0511 0)
(0.5402 -0.0511 0)
(0.5475 -0.0511 0)
(0.5548 -0.0511 0)
(0.5621 -0.0511 0)
(0.5694 -0.0511 0)
(0.5767 -0.0511 0)
(0.584 -0.0511 0)
(0.5913 -0.0511 0)
(0.5986 -0.0511 0)
(0.6059 -0.0511 0)
(0.6132 -0.0511 0)
(0.6205 -0.0511 0)
(0.6278 -0.0511 0)
(0.6351 -0.0511 0)
(0.6424 -0.0511 0)
(0.6497 -0.0511 0)
(0.657 -0.0511 0)
(0.6643 -0.0511 0)
(0.6716 -0.0511 0)
(0.6789 -0.0511 0)
(0.6862 -0.0511 0)
(0.6935 -0.0511 0)
(0.7008 -0.0511 0)
(0.7081 -0.0511 0)
(0.7154 -0.0511 0)
(0.7227 -0.0511 0)
(0.73 -0.0511 0)
(0 -0.0438 0)
(0.0073 -0.0438 0)
(0.0146 -0.0438 0)
(0.0219 -0.0438 0)
(0.0292 -0.0438 0)
(0.0365 -0.0438 0)
(0.0438 -0.0438 0)
(0.0511 -0.0438 0)
(0.0584 -0.0438 0)
(0.0657 -0.0438 0)
(0.073 -0.0438 0)
(0.0803 -0.0438 0)
(0.0876 -0.0438 0)
(0.0949 -0.0438 0)
(0.1022 -0.0438 0)
(0.1095 -0.0438 0)
(0.1168 -0.0438 0)
(0.1241 -0.0438 0)
(0.1314 -0.0438 0)
(0.1387 -0.0438 0)
(0.146 -0.0438 0)
(0.1533 -0.0438 0)
(0.1606 -0.0438 0)
(0.1679 -0.0438 0)
(0.1752 -0.0438 0)
(0.1825 -0.0438 0)
(0.1898 -0.0438 0)
(0.1971 -0.0438 0)
(0.2044 -0.0438 0)
(0.2117 -0.0438 0)
(0.219 -0.0438 0)
(0.2263 -0.0438 0)
(0.2336 -0.0438 0)
(0.2409 -0.0438 0)
(0.2482 -0.0438 0)
(0.2555 -0.0438 0)
(0.2628 -0.0438 0)
(0.2701 -0.0438 0)
(0.2774 -0.0438 0)
(0.2847 -0.0438 0)
(0.292 -0.0438 0)
(0.2993 -0.0438 0)
(0.3066 -0.0438 0)
(0.3139 -0.0438 0)
(0.3212 -0.0438 0)
(0.3285 -0.0438 0)
(0.3358 -0.0438 0)
(0.3431 -0.0438 0)
(0.3504 -0.0438 0)
(0.3577 -0.0438 0)
(0.365 -0.0438 0)
(0.3723 -0.0438 0)
(0.3796 -0.0438 0)
(0.3869 -0.0438 0)
(0.3942 -0.0438 0)
(0.4015 -0.0438 0)
(0.4088 -0.0438 0)
(0.4161 -0.0438 0)
(0.4234 -0.0438 0)
(0.4307 -0.0438 0)
(0.438 -0.0438 0)
(0.4453 -0.0438 0)
(0.4526 -0.0438 0)
(0.4599 -0.0438 0)
(0.4672 -0.0438 0)
(0.4745 -0.0438 0)
(0.4818 -0.0438 0)
(0.4891 -0.0438 0)
(0.4964 -0.0438 0)
(0.5037 -0.0438 0)
(0.511 -0.0438 0)
(0.5183 -0.0438 0)
(0.5256 -0.0438 0)
(0.5329 -0.0438 0)
(0.5402 -0.0438 0)
(0.5475 -0.0438 0)
(0.5548 -0.0438 0)
(0.5621 -0.0438 0)
(0.5694 -0.0438 0)
(0.5767 -0.0438 0)
(0.584 -0.0438 0)
(0.5913 -0.0438 0)
(0.5986 -0.0438 0)
(0.6059 -0.0438 0)
(0.6132 -0.0438 0)
(0.6205 -0.0438 0)
(0.6278 -0.0438 0)
(0.6351 -0.0438 0)
(0.6424 -0.0438 0)
(0.6497 -0.0438 0)
(0.657 -0.0438 0)
(0.6643 -0.0438 0)
(0.6716 -0.0438 0)
(0.6789 -0.0438 0)
(0.6862 -0.0438 0)
(0.6935 -0.0438 0)
(0.7008 -0.0438 0)
(0.7081 -0.0438 0)
(0.7154 -0.0438 0)
(0.7227 -0.0438 0)
(0.73 -0.0438 0)
(0 -0.0365 0)
(0.0073 -0.0365 0)
(0.0146 -0.0365 0)
(0.0219 -0.0365 0)
(0.0292 -0.0365 0)
(0.0365 -0.0365 0)
(0.0438 -0.0365 0)
(0.0511 -0.0365 0)
(0.0584 -0.0365 0)
(0.0657 -0.0365 0)
(0.073 -0.0365 0)
(0.0803 -0.0365 0)
(0.0876 -0.0365 0)
(0.0949 -0.0365 0)
(0.1022 -0.0365 0)
(0.1095 -0.0365 0)
(0.1168 -0.0365 0)
(0.1241 -0.0365 0)
(0.1314 -0.0365 0)
(0.1387 -0.0365 0)
(0.146 -0.0365 0)
(0.1533 -0.0365 0)
(0.1606 -0.0365 0)
(0.1679 -0.0365 0)
(0.1752 -0.0365 0)
(0.1825 -0.0365 0)
(0.1898 -0.0365 0)
(0.1971 -0.0365 0)
(0.2044 -0.0365 0)
(0.2117 -0.0365 0)
(0.219 -0.0365 0)
(0.2263 -0.0365 0)
(0.2336 -0.0365 0)
(0.2409 -0.0365 0)
(0.2482 -0.0365 0)
(0.2555 -0.0365 0)
(0.2628 -0.0365 0)
(0.2701 -0.0365 0)
(0.2774 -0.0365 0)
(0.2847 -0.0365 0)
(0.292 -0.0365 0)
(0.2993 -0.0365 0)
(0.3066 -0.0365 0)
(0.3139 -0.0365 0)
(0.3212 -0.0365 0)
(0.3285 -0.0365 0)
(0.3358 -0.0365 0)
(0.3431 -0.0365 0)
(0.3504 -0.0365 0)
(0.3577 -0.0365 0)
(0.365 -0.0365 0)
(0.3723 -0.0365 0)
(0.3796 -0.0365 0)
(0.3869 -0.0365 0)
(0.3942 -0.0365 0)
(0.4015 -0.0365 0)
(0.4088 -0.0365 0)
(0.4161 -0.0365 0)
(0.4234 -0.0365 0)
(0.4307 -0.0365 0)
(0.438 -0.0365 0)
(0.4453 -0.0365 0)
(0.4526 -0.0365 0)
(0.4599 -0.0365 0)
(0.4672 -0.0365 0)
(0.4745 -0.0365 0)
(0.4818 -0.0365 0)
(0.4891 -0.0365 0)
(0.4964 -0.0365 0)
(0.5037 -0.0365 0)
(0.511 -0.0365 0)
(0.5183 -0.0365 0)
(0.5256 -0.0365 0)
(0.5329 -0.0365 0)
(0.5402 -0.0365 0)
(0.5475 -0.0365 0)
(0.5548 -0.0365 0)
(0.5621 -0.0365 0)
(0.5694 -0.0365 0)
(0.5767 -0.0365 0)
(0.584 -0.0365 0)
(0.5913 -0.0365 0)
(0.5986 -0.0365 0)
(0.6059 -0.0365 0)
(0.6132 -0.0365 0)
(0.6205 -0.0365 0)
(0.6278 -0.0365 0)
(0.6351 -0.0365 0)
(0.6424 -0.0365 0)
(0.6497 -0.0365 0)
(0.657 -0.0365 0)
(0.6643 -0.0365 0)
(0.6716 -0.0365 0)
(0.6789 -0.0365 0)
(0.6862 -0.0365 0)
(0.6935 -0.0365 0)
(0.7008 -0.0365 0)
(0.7081 -0.0365 0)
(0.7154 -0.0365 0)
(0.7227 -0.0365 0)
(0.73 -0.0365 0)
(0 -0.0292 0)
(0.0073 -0.0292 0)
(0.0146 -0.0292 0)
(0.0219 -0.0292 0)
(0.0292 -0.0292 0)
(0.0365 -0.0292 0)
(0.0438 -0.0292 0)
(0.0511 -0.0292 0)
(0.0584 -0.0292 0)
(0.0657 -0.0292 0)
(0.073 -0.0292 0)
(0.0803 -0.0292 0)
(0.0876 -0.0292 0)
(0.0949 -0.0292 0)
(0.1022 -0.0292 0)
(0.1095 -0.0292 0)
(0.1168 -0.0292 0)
(0.1241 -0.0292 0)
(0.1314 -0.0292 0)
(0.1387 -0.0292 0)
(0.146 -0.0292 0)
(0.1533 -0.0292 0)
(0.1606 -0.0292 0)
(0.1679 -0.0292 0)
(0.1752 -0.0292 0)
(0.1825 -0.0292 0)
(0.1898 -0.0292 0)
(0.1971 -0.0292 0)
(0.2044 -0.0292 0)
(0.2117 -0.0292 0)
(0.219 -0.0292 0)
(0.2263 -0.0292 0)
(0.2336 -0.0292 0)
(0.2409 -0.0292 0)
(0.2482 -0.0292 0)
(0.2555 -0.0292 0)
(0.2628 -0.0292 0)
(0.2701 -0.0292 0)
(0.2774 -0.0292 0)
(0.2847 -0.0292 0)
(0.292 -0.0292 0)
(0.2993 -0.0292 0)
(0.3066 -0.0292 0)
(0.3139 -0.0292 0)
(0.3212 -0.0292 0)
(0.3285 -0.0292 0)
(0.3358 -0.0292 0)
(0.3431 -0.0292 0)
(0.3504 -0.0292 0)
(0.3577 -0.0292 0)
(0.365 -0.0292 0)
(0.3723 -0.0292 0)
(0.3796 -0.0292 0)
(0.3869 -0.0292 0)
(0.3942 -0.0292 0)
(0.4015 -0.0292 0)
(0.4088 -0.0292 0)
(0.4161 -0.0292 0)
(0.4234 -0.0292 0)
(0.4307 -0.0292 0)
(0.438 -0.0292 0)
(0.4453 -0.0292 0)
(0.4526 -0.0292 0)
(0.4599 -0.0292 0)
(0.4672 -0.0292 0)
(0.4745 -0.0292 0)
(0.4818 -0.0292 0)
(0.4891 -0.0292 0)
(0.4964 -0.0292 0)
(0.5037 -0.0292 0)
(0.511 -0.0292 0)
(0.5183 -0.0292 0)
(0.5256 -0.0292 0)
(0.5329 -0.0292 0)
(0.5402 -0.0292 0)
(0.5475 -0.0292 0)
(0.5548 -0.0292 0)
(0.5621 -0.0292 0)
(0.5694 -0.0292 0)
(0.5767 -0.0292 0)
(0.584 -0.0292 0)
(0.5913 -0.0292 0)
(0.5986 -0.0292 0)
(0.6059 -0.0292 0)
(0.6132 -0.0292 0)
(0.6205 -0.0292 0)
(0.6278 -0.0292 0)
(0.6351 -0.0292 0)
(0.6424 -0.0292 0)
(0.6497 -0.0292 0)
(0.657 -0.0292 0)
(0.6643 -0.0292 0)
(0.6716 -0.0292 0)
(0.6789 -0.0292 0)
(0.6862 -0.0292 0)
(0.6935 -0.0292 0)
(0.7008 -0.0292 0)
(0.7081 -0.0292 0)
(0.7154 -0.0292 0)
(0.7227 -0.0292 0)
(0.73 -0.0292 0)
(0 -0.0219 0)
(0.0073 -0.0219 0)
(0.0146 -0.0219 0)
(0.0219 -0.0219 0)
(0.0292 -0.0219 0)
(0.0365 -0.0219 0)
(0.0438 -0.0219 0)
(0.0511 -0.0219 0)
(0.0584 -0.0219 0)
(0.0657 -0.0219 0)
(0.073 -0.0219 0)
(0.0803 -0.0219 0)
(0.0876 -0.0219 0)
(0.0949 -0.0219 0)
(0.1022 -0.0219 0)
(0.1095 -0.0219 0)
(0.1168 -0.0219 0)
(0.1241 -0.0219 0)
(0.1314 -0.0219 0)
(0.1387 -0.0219 0)
(0.146 -0.0219 0)
(0.1533 -0.0219 0)
(0.1606 -0.0219 0)
(0.1679 -0.0219 0)
(0.1752 -0.0219 0)
(0.1825 -0.0219 0)
(0.1898 -0.0219 0)
(0.1971 -0.0219 0)
(0.2044 -0.0219 0)
(0.2117 -0.0219 0)
(0.219 -0.0219 0)
(0.2263 -0.0219 0)
(0.2336 -0.0219 0)
(0.2409 -0.0219 0)
(0.2482 -0.0219 0)
(0.2555 -0.0219 0)
(0.2628 -0.0219 0)
(0.2701 -0.0219 0)
(0.2774 -0.0219 0)
(0.2847 -0.0219 0)
(0.292 -0.0219 0)
(0.2993 -0.0219 0)
(0.3066 -0.0219 0)
(0.3139 -0.0219 0)
(0.3212 -0.0219 0)
(0.3285 -0.0219 0)
(0.3358 -0.0219 0)
(0.3431 -0.0219 0)
(0.3504 -0.0219 0)
(0.3577 -0.0219 0)
(0.365 -0.0219 0)
(0.3723 -0.0219 0)
(0.3796 -0.0219 0)
(0.3869 -0.0219 0)
(0.3942 -0.0219 0)
(0.4015 -0.0219 0)
(0.4088 -0.0219 0)
(0.4161 -0.0219 0)
(0.4234 -0.0219 0)
(0.4307 -0.0219 0)
(0.438 -0.0219 0)
(0.4453 -0.0219 0)
(0.4526 -0.0219 0)
(0.4599 -0.0219 0)
(0.4672 -0.0219 0)
(0.4745 -0.0219 0)
(0.4818 -0.0219 0)
(0.4891 -0.0219 0)
(0.4964 -0.0219 0)
(0.5037 -0.0219 0)
(0.511 -0.0219 0)
(0.5183 -0.0219 0)
(0.5256 -0.0219 0)
(0.5329 -0.0219 0)
(0.5402 -0.0219 0)
(0.5475 -0.0219 0)
(0.5548 -0.0219 0)
(0.5621 -0.0219 0)
(0.5694 -0.0219 0)
(0.5767 -0.0219 0)
(0.584 -0.0219 0)
(0.5913 -0.0219 0)
(0.5986 -0.0219 0)
(0.6059 -0.0219 0)
(0.6132 -0.0219 0)
(0.6205 -0.0219 0)
(0.6278 -0.0219 0)
(0.6351 -0.0219 0)
(0.6424 -0.0219 0)
(0.6497 -0.0219 0)
(0.657 -0.0219 0)
(0.6643 -0.0219 0)
(0.6716 -0.0219 0)
(0.6789 -0.0219 0)
(0.6862 -0.0219 0)
(0.6935 -0.0219 0)
(0.7008 -0.0219 0)
(0.7081 -0.0219 0)
(0.7154 -0.0219 0)
(0.7227 -0.0219 0)
(0.73 -0.0219 0)
(0 -0.0146 0)
(0.0073 -0.0146 0)
(0.0146 -0.0146 0)
(0.0219 -0.0146 0)
(0.0292 -0.0146 0)
(0.0365 -0.0146 0)
(0.0438 -0.0146 0)
(0.0511 -0.0146 0)
(0.0584 -0.0146 0)
(0.0657 -0.0146 0)
(0.073 -0.0146 0)
(0.0803 -0.0146 0)
(0.0876 -0.0146 0)
(0.0949 -0.0146 0)
(0.1022 -0.0146 0)
(0.1095 -0.0146 0)
(0.1168 -0.0146 0)
(0.1241 -0.0146 0)
(0.1314 -0.0146 0)
(0.1387 -0.0146 0)
(0.146 -0.0146 0)
(0.1533 -0.0146 0)
(0.1606 -0.0146 0)
(0.1679 -0.0146 0)
(0.1752 -0.0146 0)
(0.1825 -0.0146 0)
(0.1898 -0.0146 0)
(0.1971 -0.0146 0)
(0.2044 -0.0146 0)
(0.2117 -0.0146 0)
(0.219 -0.0146 0)
(0.2263 -0.0146 0)
(0.2336 -0.0146 0)
(0.2409 -0.0146 0)
(0.2482 -0.0146 0)
(0.2555 -0.0146 0)
(0.2628 -0.0146 0)
(0.2701 -0.0146 0)
(0.2774 -0.0146 0)
(0.2847 -0.0146 0)
(0.292 -0.0146 0)
(0.2993 -0.0146 0)
(0.3066 -0.0146 0)
(0.3139 -0.0146 0)
(0.3212 -0.0146 0)
(0.3285 -0.0146 0)
(0.3358 -0.0146 0)
(0.3431 -0.0146 0)
(0.3504 -0.0146 0)
(0.3577 -0.0146 0)
(0.365 -0.0146 0)
(0.3723 -0.0146 0)
(0.3796 -0.0146 0)
(0.3869 -0.0146 0)
(0.3942 -0.0146 0)
(0.4015 -0.0146 0)
(0.4088 -0.0146 0)
(0.4161 -0.0146 0)
(0.4234 -0.0146 0)
(0.4307 -0.0146 0)
(0.438 -0.0146 0)
(0.4453 -0.0146 0)
(0.4526 -0.0146 0)
(0.4599 -0.0146 0)
(0.4672 -0.0146 0)
(0.4745 -0.0146 0)
(0.4818 -0.0146 0)
(0.4891 -0.0146 0)
(0.4964 -0.0146 0)
(0.5037 -0.0146 0)
(0.511 -0.0146 0)
(0.5183 -0.0146 0)
(0.5256 -0.0146 0)
(0.5329 -0.0146 0)
(0.5402 -0.0146 0)
(0.5475 -0.0146 0)
(0.5548 -0.0146 0)
(0.5621 -0.0146 0)
(0.5694 -0.0146 0)
(0.5767 -0.0146 0)
(0.584 -0.0146 0)
(0.5913 -0.0146 0)
(0.5986 -0.0146 0)
(0.6059 -0.0146 0)
(0.6132 -0.0146 0)
(0.6205 -0.0146 0)
(0.6278 -0.0146 0)
(0.6351 -0.0146 0)
(0.6424 -0.0146 0)
(0.6497 -0.0146 0)
(0.657 -0.0146 0)
(0.6643 -0.0146 0)
(0.6716 -0.0146 0)
(0.6789 -0.0146 0)
(0.6862 -0.0146 0)
(0.6935 -0.0146 0)
(0.7008 -0.0146 0)
(0.7081 -0.0146 0)
(0.7154 -0.0146 0)
(0.7227 -0.0146 0)
(0.73 -0.0146 0)
(0 -0.0073 0)
(0.0073 -0.0073 0)
(0.0146 -0.0073 0)
(0.0219 -0.0073 0)
(0.0292 -0.0073 0)
(0.0365 -0.0073 0)
(0.0438 -0.0073 0)
(0.0511 -0.0073 0)
(0.0584 -0.0073 0)
(0.0657 -0.0073 0)
(0.073 -0.0073 0)
(0.0803 -0.0073 0)
(0.0876 -0.0073 0)
(0.0949 -0.0073 0)
(0.1022 -0.0073 0)
(0.1095 -0.0073 0)
(0.1168 -0.0073 0)
(0.1241 -0.0073 0)
(0.1314 -0.0073 0)
(0.1387 -0.0073 0)
(0.146 -0.0073 0)
(0.1533 -0.0073 0)
(0.1606 -0.0073 0)
(0.1679 -0.0073 0)
(0.1752 -0.0073 0)
(0.1825 -0.0073 0)
(0.1898 -0.0073 0)
(0.1971 -0.0073 0)
(0.2044 -0.0073 0)
(0.2117 -0.0073 0)
(0.219 -0.0073 0)
(0.2263 -0.0073 0)
(0.2336 -0.0073 0)
(0.2409 -0.0073 0)
(0.2482 -0.0073 0)
(0.2555 -0.0073 0)
(0.2628 -0.0073 0)
(0.2701 -0.0073 0)
(0.2774 -0.0073 0)
(0.2847 -0.0073 0)
(0.292 -0.0073 0)
(0.2993 -0.0073 0)
(0.3066 -0.0073 0)
(0.3139 -0.0073 0)
(0.3212 -0.0073 0)
(0.3285 -0.0073 0)
(0.3358 -0.0073 0)
(0.3431 -0.0073 0)
(0.3504 -0.0073 0)
(0.3577 -0.0073 0)
(0.365 -0.0073 0)
(0.3723 -0.0073 0)
(0.3796 -0.0073 0)
(0.3869 -0.0073 0)
(0.3942 -0.0073 0)
(0.4015 -0.0073 0)
(0.4088 -0.0073 0)
(0.4161 -0.0073 0)
(0.4234 -0.0073 0)
(0.4307 -0.0073 0)
(0.438 -0.0073 0)
(0.4453 -0.0073 0)
(0.4526 -0.0073 0)
(0.4599 -0.0073 0)
(0.4672 -0.0073 0)
(0.4745 -0.0073 0)
(0.4818 -0.0073 0)
(0.4891 -0.0073 0)
(0.4964 -0.0073 0)
(0.5037 -0.0073 0)
(0.511 -0.0073 0)
(0.5183 -0.0073 0)
(0.5256 -0.0073 0)
(0.5329 -0.0073 0)
(0.5402 -0.0073 0)
(0.5475 -0.0073 0)
(0.5548 -0.0073 0)
(0.5621 -0.0073 0)
(0.5694 -0.0073 0)
(0.5767 -0.0073 0)
(0.584 -0.0073 0)
(0.5913 -0.0073 0)
(0.5986 -0.0073 0)
(0.6059 -0.0073 0)
(0.6132 -0.0073 0)
(0.6205 -0.0073 0)
(0.6278 -0.0073 0)
(0.6351 -0.0073 0)
(0.6424 -0.0073 0)
(0.6497 -0.0073 0)
(0.657 -0.0073 0)
(0.6643 -0.0073 0)
(0.6716 -0.0073 0)
(0.6789 -0.0073 0)
(0.6862 -0.0073 0)
(0.6935 -0.0073 0)
(0.7008 -0.0073 0)
(0.7081 -0.0073 0)
(0.7154 -0.0073 0)
(0.7227 -0.0073 0)
(0.73 -0.0073 0)
(0 0 0)
(0.0073 0 0)
(0.0146 0 0)
(0.0219 0 0)
(0.0292 0 0)
(0.0365 0 0)
(0.0438 0 0)
(0.0511 0 0)
(0.0584 0 0)
(0.0657 0 0)
(0.073 0 0)
(0.0803 0 0)
(0.0876 0 0)
(0.0949 0 0)
(0.1022 0 0)
(0.1095 0 0)
(0.1168 0 0)
(0.1241 0 0)
(0.1314 0 0)
(0.1387 0 0)
(0.146 0 0)
(0.1533 0 0)
(0.1606 0 0)
(0.1679 0 0)
(0.1752 0 0)
(0.1825 0 0)
(0.1898 0 0)
(0.1971 0 0)
(0.2044 0 0)
(0.2117 0 0)
(0.219 0 0)
(0.2263 0 0)
(0.2336 0 0)
(0.2409 0 0)
(0.2482 0 0)
(0.2555 0 0)
(0.2628 0 0)
(0.2701 0 0)
(0.2774 0 0)
(0.2847 0 0)
(0.292 0 0)
(0.2993 0 0)
(0.3066 0 0)
(0.3139 0 0)
(0.3212 0 0)
(0.3285 0 0)
(0.3358 0 0)
(0.3431 0 0)
(0.3504 0 0)
(0.3577 0 0)
(0.365 0 0)
(0.3723 0 0)
(0.3796 0 0)
(0.3869 0 0)
(0.3942 0 0)
(0.4015 0 0)
(0.4088 0 0)
(0.4161 0 0)
(0.4234 0 0)
(0.4307 0 0)
(0.438 0 0)
(0.4453 0 0)
(0.4526 0 0)
(0.4599 0 0)
(0.4672 0 0)
(0.4745 0 0)
(0.4818 0 0)
(0.4891 0 0)
(0.4964 0 0)
(0.5037 0 0)
(0.511 0 0)
(0.5183 0 0)
(0.5256 0 0)
(0.5329 0 0)
(0.5402 0 0)
(0.5475 0 0)
(0.5548 0 0)
(0.5621 0 0)
(0.5694 0 0)
(0.5767 0 0)
(0.584 0 0)
(0.5913 0 0)
(0.5986 0 0)
(0.6059 0 0)
(0.6132 0 0)
(0.6205 0 0)
(0.6278 0 0)
(0.6351 0 0)
(0.6424 0 0)
(0.6497 0 0)
(0.657 0 0)
(0.6643 0 0)
(0.6716 0 0)
(0.6789 0 0)
(0.6862 0 0)
(0.6935 0 0)
(0.7008 0 0)
(0.7081 0 0)
(0.7154 0 0)
(0.7227 0 0)
(0.73 0 0)
(0 0.0073 0)
(0.0073 0.0073 0)
(0.0146 0.0073 0)
(0.0219 0.0073 0)
(0.0292 0.0073 0)
(0.0365 0.0073 0)
(0.0438 0.0073 0)
(0.0511 0.0073 0)
(0.0584 0.0073 0)
(0.0657 0.0073 0)
(0.073 0.0073 0)
(0.0803 0.0073 0)
(0.0876 0.0073 0)
(0.0949 0.0073 0)
(0.1022 0.0073 0)
(0.1095 0.0073 0)
(0.1168 0.0073 0)
(0.1241 0.0073 0)
(0.1314 0.0073 0)
(0.1387 0.0073 0)
(0.146 0.0073 0)
(0.1533 0.0073 0)
(0.1606 0.0073 0)
(0.1679 0.0073 0)
(0.1752 0.0073 0)
(0.1825 0.0073 0)
(0.1898 0.0073 0)
(0.1971 0.0073 0)
(0.2044 0.0073 0)
(0.2117 0.0073 0)
(0.219 0.0073 0)
(0.2263 0.0073 0)
(0.2336 0.0073 0)
(0.2409 0.0073 0)
(0.2482 0.0073 0)
(0.2555 0.0073 0)
(0.2628 0.0073 0)
(0.2701 0.0073 0)
(0.2774 0.0073 0)
(0.2847 0.0073 0)
(0.292 0.0073 0)
(0.2993 0.0073 0)
(0.3066 0.0073 0)
(0.3139 0.0073 0)
(0.3212 0.0073 0)
(0.3285 0.0073 0)
(0.3358 0.0073 0)
(0.3431 0.0073 0)
(0.3504 0.0073 0)
(0.3577 0.0073 0)
(0.365 0.0073 0)
(0.3723 0.0073 0)
(0.3796 0.0073 0)
(0.3869 0.0073 0)
(0.3942 0.0073 0)
(0.4015 0.0073 0)
(0.4088 0.0073 0)
(0.4161 0.0073 0)
(0.4234 0.0073 0)
(0.4307 0.0073 0)
(0.438 0.0073 0)
(0.4453 0.0073 0)
(0.4526 0.0073 0)
(0.4599 0.0073 0)
(0.4672 0.0073 0)
(0.4745 0.0073 0)
(0.4818 0.0073 0)
(0.4891 0.0073 0)
(0.4964 0.0073 0)
(0.5037 0.0073 0)
(0.511 0.0073 0)
(0.5183 0.0073 0)
(0.5256 0.0073 0)
(0.5329 0.0073 0)
(0.5402 0.0073 0)
(0.5475 0.0073 0)
(0.5548 0.0073 0)
(0.5621 0.0073 0)
(0.5694 0.0073 0)
(0.5767 0.0073 0)
(0.584 0.0073 0)
(0.5913 0.0073 0)
(0.5986 0.0073 0)
(0.6059 0.0073 0)
(0.6132 0.0073 0)
(0.6205 0.0073 0)
(0.6278 0.0073 0)
(0.6351 0.0073 0)
(0.6424 0.0073 0)
(0.6497 0.0073 0)
(0.657 0.0073 0)
(0.6643 0.0073 0)
(0.6716 0.0073 0)
(0.6789 0.0073 0)
(0.6862 0.0073 0)
(0.6935 0.0073 0)
(0.7008 0.0073 0)
(0.7081 0.0073 0)
(0.7154 0.0073 0)
(0.7227 0.0073 0)
(0.73 0.0073 0)
(0 0.0146 0)
(0.0073 0.0146 0)
(0.0146 0.0146 0)
(0.0219 0.0146 0)
(0.0292 0.0146 0)
(0.0365 0.0146 0)
(0.0438 0.0146 0)
(0.0511 0.0146 0)
(0.0584 0.0146 0)
(0.0657 0.0146 0)
(0.073 0.0146 0)
(0.0803 0.0146 0)
(0.0876 0.0146 0)
(0.0949 0.0146 0)
(0.1022 0.0146 0)
(0.1095 0.0146 0)
(0.1168 0.0146 0)
(0.1241 0.0146 0)
(0.1314 0.0146 0)
(0.1387 0.0146 0)
(0.146 0.0146 0)
(0.1533 0.0146 0)
(0.1606 0.0146 0)
(0.1679 0.0146 0)
(0.1752 0.0146 0)
(0.1825 0.0146 0)
(0.1898 0.0146 0)
(0.1971 0.0146 0)
(0.2044 0.0146 0)
(0.2117 0.0146 0)
(0.219 0.0146 0)
(0.2263 0.0146 0)
(0.2336 0.0146 0)
(0.2409 0.0146 0)
(0.2482 0.0146 0)
(0.2555 0.0146 0)
(0.2628 0.0146 0)
(0.2701 0.0146 0)
(0.2774 0.0146 0)
(0.2847 0.0146 0)
(0.292 0.0146 0)
(0.2993 0.0146 0)
(0.3066 0.0146 0)
(0.3139 0.0146 0)
(0.3212 0.0146 0)
(0.3285 0.0146 0)
(0.3358 0.0146 0)
(0.3431 0.0146 0)
(0.3504 0.0146 0)
(0.3577 0.0146 0)
(0.365 0.0146 0)
(0.3723 0.0146 0)
(0.3796 0.0146 0)
(0.3869 0.0146 0)
(0.3942 0.0146 0)
(0.4015 0.0146 0)
(0.4088 0.0146 0)
(0.4161 0.0146 0)
(0.4234 0.0146 0)
(0.4307 0.0146 0)
(0.438 0.0146 0)
(0.4453 0.0146 0)
(0.4526 0.0146 0)
(0.4599 0.0146 0)
(0.4672 0.0146 0)
(0.4745 0.0146 0)
(0.4818 0.0146 0)
(0.4891 0.0146 0)
(0.4964 0.0146 0)
(0.5037 0.0146 0)
(0.511 0.0146 0)
(0.5183 0.0146 0)
(0.5256 0.0146 0)
(0.5329 0.0146 0)
(0.5402 0.0146 0)
(0.5475 0.0146 0)
(0.5548 0.0146 0)
(0.5621 0.0146 0)
(0.5694 0.0146 0)
(0.5767 0.0146 0)
(0.584 0.0146 0)
(0.5913 0.0146 0)
(0.5986 0.0146 0)
(0.6059 0.0146 0)
(0.6132 0.0146 0)
(0.6205 0.0146 0)
(0.6278 0.0146 0)
(0.6351 0.0146 0)
(0.6424 0.0146 0)
(0.6497 0.0146 0)
(0.657 0.0146 0)
(0.6643 0.0146 0)
(0.6716 0.0146 0)
(0.6789 0.0146 0)
(0.6862 0.0146 0)
(0.6935 0.0146 0)
(0.7008 0.0146 0)
(0.7081 0.0146 0)
(0.7154 0.0146 0)
(0.7227 0.0146 0)
(0.73 0.0146 0)
(0 0.0219 0)
(0.0073 0.0219 0)
(0.0146 0.0219 0)
(0.0219 0.0219 0)
(0.0292 0.0219 0)
(0.0365 0.0219 0)
(0.0438 0.0219 0)
(0.0511 0.0219 0)
(0.0584 0.0219 0)
(0.0657 0.0219 0)
(0.073 0.0219 0)
(0.0803 0.0219 0)
(0.0876 0.0219 0)
(0.0949 0.0219 0)
(0.1022 0.0219 0)
(0.1095 0.0219 0)
(0.1168 0.0219 0)
(0.1241 0.0219 0)
(0.1314 0.0219 0)
(0.1387 0.0219 0)
(0.146 0.0219 0)
(0.1533 0.0219 0)
(0.1606 0.0219 0)
(0.1679 0.0219 0)
(0.1752 0.0219 0)
(0.1825 0.0219 0)
(0.1898 0.0219 0)
(0.1971 0.0219 0)
(0.2044 0.0219 0)
(0.2117 0.0219 0)
(0.219 0.0219 0)
(0.2263 0.0219 0)
(0.2336 0.0219 0)
(0.2409 0.0219 0)
(0.2482 0.0219 0)
(0.2555 0.0219 0)
(0.2628 0.0219 0)
(0.2701 0.0219 0)
(0.2774 0.0219 0)
(0.2847 0.0219 0)
(0.292 0.0219 0)
(0.2993 0.0219 0)
(0.3066 0.0219 0)
(0.3139 0.0219 0)
(0.3212 0.0219 0)
(0.3285 0.0219 0)
(0.3358 0.0219 0)
(0.3431 0.0219 0)
(0.3504 0.0219 0)
(0.3577 0.0219 0)
(0.365 0.0219 0)
(0.3723 0.0219 0)
(0.3796 0.0219 0)
(0.3869 0.0219 0)
(0.3942 0.0219 0)
(0.4015 0.0219 0)
(0.4088 0.0219 0)
(0.4161 0.0219 0)
(0.4234 0.0219 0)
(0.4307 0.0219 0)
(0.438 0.0219 0)
(0.4453 0.0219 0)
(0.4526 0.0219 0)
(0.4599 0.0219 0)
(0.4672 0.0219 0)
(0.4745 0.0219 0)
(0.4818 0.0219 0)
(0.4891 0.0219 0)
(0.4964 0.0219 0)
(0.5037 0.0219 0)
(0.511 0.0219 0)
(0.5183 0.0219 0)
(0.5256 0.0219 0)
(0.5329 0.0219 0)
(0.5402 0.0219 0)
(0.5475 0.0219 0)
(0.5548 0.0219 0)
(0.5621 0.0219 0)
(0.5694 0.0219 0)
(0.5767 0.0219 0)
(0.584 0.0219 0)
(0.5913 0.0219 0)
(0.5986 0.0219 0)
(0.6059 0.0219 0)
(0.6132 0.0219 0)
(0.6205 0.0219 0)
(0.6278 0.0219 0)
(0.6351 0.0219 0)
(0.6424 0.0219 0)
(0.6497 0.0219 0)
(0.657 0.0219 0)
(0.6643 0.0219 0)
(0.6716 0.0219 0)
(0.6789 0.0219 0)
(0.6862 0.0219 0)
(0.6935 0.0219 0)
(0.7008 0.0219 0)
(0.7081 0.0219 0)
(0.7154 0.0219 0)
(0.7227 0.0219 0)
(0.73 0.0219 0)
(0 0.0292 0)
(0.0073 0.0292 0)
(0.0146 0.0292 0)
(0.0219 0.0292 0)
(0.0292 0.0292 0)
(0.0365 0.0292 0)
(0.0438 0.0292 0)
(0.0511 0.0292 0)
(0.0584 0.0292 0)
(0.0657 0.0292 0)
(0.073 0.0292 0)
(0.0803 0.0292 0)
(0.0876 0.0292 0)
(0.0949 0.0292 0)
(0.1022 0.0292 0)
(0.1095 0.0292 0)
(0.1168 0.0292 0)
(0.1241 0.0292 0)
(0.1314 0.0292 0)
(0.1387 0.0292 0)
(0.146 0.0292 0)
(0.1533 0.0292 0)
(0.1606 0.0292 0)
(0.1679 0.0292 0)
(0.1752 0.0292 0)
(0.1825 0.0292 0)
(0.1898 0.0292 0)
(0.1971 0.0292 0)
(0.2044 0.0292 0)
(0.2117 0.0292 0)
(0.219 0.0292 0)
(0.2263 0.0292 0)
(0.2336 0.0292 0)
(0.2409 0.0292 0)
(0.2482 0.0292 0)
(0.2555 0.0292 0)
(0.2628 0.0292 0)
(0.2701 0.0292 0)
(0.2774 0.0292 0)
(0.2847 0.0292 0)
(0.292 0.0292 0)
(0.2993 0.0292 0)
(0.3066 0.0292 0)
(0.3139 0.0292 0)
(0.3212 0.0292 0)
(0.3285 0.0292 0)
(0.3358 0.0292 0)
(0.3431 0.0292 0)
(0.3504 0.0292 0)
(0.3577 0.0292 0)
(0.365 0.0292 0)
(0.3723 0.0292 0)
(0.3796 0.0292 0)
(0.3869 0.0292 0)
(0.3942 0.0292 0)
(0.4015 0.0292 0)
(0.4088 0.0292 0)
(0.4161 0.0292 0)
(0.4234 0.0292 0)
(0.4307 0.0292 0)
(0.438 0.0292 0)
(0.4453 0.0292 0)
(0.4526 0.0292 0)
(0.4599 0.0292 0)
(0.4672 0.0292 0)
(0.4745 0.0292 0)
(0.4818 0.0292 0)
(0.4891 0.0292 0)
(0.4964 0.0292 0)
(0.5037 0.0292 0)
(0.511 0.0292 0)
(0.5183 0.0292 0)
(0.5256 0.0292 0)
(0.5329 0.0292 0)
(0.5402 0.0292 0)
(0.5475 0.0292 0)
(0.5548 0.0292 0)
(0.5621 0.0292 0)
(0.5694 0.0292 0)
(0.5767 0.0292 0)
(0.584 0.0292 0)
(0.5913 0.0292 0)
(0.5986 0.0292 0)
(0.6059 0.0292 0)
(0.6132 0.0292 0)
(0.6205 0.0292 0)
(0.6278 0.0292 0)
(0.6351 0.0292 0)
(0.6424 0.0292 0)
(0.6497 0.0292 0)
(0.657 0.0292 0)
(0.6643 0.0292 0)
(0.6716 0.0292 0)
(0.6789 0.0292 0)
(0.6862 0.0292 0)
(0.6935 0.0292 0)
(0.7008 0.0292 0)
(0.7081 0.0292 0)
(0.7154 0.0292 0)
(0.7227 0.0292 0)
(0.73 0.0292 0)
(0 0.0365 0)
(0.0073 0.0365 0)
(0.0146 0.0365 0)
(0.0219 0.0365 0)
(0.0292 0.0365 0)
(0.0365 0.0365 0)
(0.0438 0.0365 0)
(0.0511 0.0365 0)
(0.0584 0.0365 0)
(0.0657 0.0365 0)
(0.073 0.0365 0)
(0.0803 0.0365 0)
(0.0876 0.0365 0)
(0.0949 0.0365 0)
(0.1022 0.0365 0)
(0.1095 0.0365 0)
(0.1168 0.0365 0)
(0.1241 0.0365 0)
(0.1314 0.0365 0)
(0.1387 0.0365 0)
(0.146 0.0365 0)
(0.1533 0.0365 0)
(0.1606 0.0365 0)
(0.1679 0.0365 0)
(0.1752 0.0365 0)
(0.1825 0.0365 0)
(0.1898 0.0365 0)
(0.1971 0.0365 0)
(0.2044 0.0365 0)
(0.2117 0.0365 0)
(0.219 0.0365 0)
(0.2263 0.0365 0)
(0.2336 0.0365 0)
(0.2409 0.0365 0)
(0.2482 0.0365 0)
(0.2555 0.0365 0)
(0.2628 0.0365 0)
(0.2701 0.0365 0)
(0.2774 0.0365 0)
(0.2847 0.0365 0)
(0.292 0.0365 0)
(0.2993 0.0365 0)
(0.3066 0.0365 0)
(0.3139 0.0365 0)
(0.3212 0.0365 0)
(0.3285 0.0365 0)
(0.3358 0.0365 0)
(0.3431 0.0365 0)
(0.3504 0.0365 0)
(0.3577 0.0365 0)
(0.365 0.0365 0)
(0.3723 0.0365 0)
(0.3796 0.0365 0)
(0.3869 0.0365 0)
(0.3942 0.0365 0)
(0.4015 0.0365 0)
(0.4088 0.0365 0)
(0.4161 0.0365 0)
(0.4234 0.0365 0)
(0.4307 0.0365 0)
(0.438 0.0365 0)
(0.4453 0.0365 0)
(0.4526 0.0365 0)
(0.4599 0.0365 0)
(0.4672 0.0365 0)
(0.4745 0.0365 0)
(0.4818 0.0365 0)
(0.4891 0.0365 0)
(0.4964 0.0365 0)
(0.5037 0.0365 0)
(0.511 0.0365 0)
(0.5183 0.0365 0)
(0.5256 0.0365 0)
(0.5329 0.0365 0)
(0.5402 0.0365 0)
(0.5475 0.0365 0)
(0.5548 0.0365 0)
(0.5621 0.0365 0)
(0.5694 0.0365 0)
(0.5767 0.0365 0)
(0.584 0.0365 0)
(0.5913 0.0365 0)
(0.5986 0.0365 0)
(0.6059 0.0365 0)
(0.6132 0.0365 0)
(0.6205 0.0365 0)
(0.6278 0.0365 0)
(0.6351 0.0365 0)
(0.6424 0.0365 0)
(0.6497 0.0365 0)
(0.657 0.0365 0)
(0.6643 0.0365 0)
(0.6716 0.0365 0)
(0.6789 0.0365 0)
(0.6862 0.0365 0)
(0.6935 0.0365 0)
(0.7008 0.0365 0)
(0.7081 0.0365 0)
(0.7154 0.0365 0)
(0.7227 0.0365 0)
(0.73 0.0365 0)
(0 0.0438 0)
(0.0073 0.0438 0)
(0.0146 0.0438 0)
(0.0219 0.0438 0)
(0.0292 0.0438 0)
(0.0365 0.0438 0)
(0.0438 0.0438 0)
(0.0511 0.0438 0)
(0.0584 0.0438 0)
(0.0657 0.0438 0)
(0.073 0.0438 0)
(0.0803 0.0438 0)
(0.0876 0.0438 0)
(0.0949 0.0438 0)
(0.1022 0.0438 0)
(0.1095 0.0438 0)
(0.1168 0.0438 0)
(0.1241 0.0438 0)
(0.1314 0.0438 0)
(0.1387 0.0438 0)
(0.146 0.0438 0)
(0.1533 0.0438 0)
(0.1606 0.0438 0)
(0.1679 0.0438 0)
(0.1752 0.0438 0)
(0.1825 0.0438 0)
(0.1898 0.0438 0)
(0.1971 0.0438 0)
(0.2044 0.0438 0)
(0.2117 0.0438 0)
(0.219 0.0438 0)
(0.2263 0.0438 0)
(0.2336 0.0438 0)
(0.2409 0.0438 0)
(0.2482 0.0438 0)
(0.2555 0.0438 0)
(0.2628 0.0438 0)
(0.2701 0.0438 0)
(0.2774 0.0438 0)
(0.2847 0.0438 0)
(0.292 0.0438 0)
(0.2993 0.0438 0)
(0.3066 0.0438 0)
(0.3139 0.0438 0)
(0.3212 0.0438 0)
(0.3285 0.0438 0)
(0.3358 0.0438 0)
(0.3431 0.0438 0)
(0.3504 0.0438 0)
(0.3577 0.0438 0)
(0.365 0.0438 0)
(0.3723 0.0438 0)
(0.3796 0.0438 0)
(0.3869 0.0438 0)
(0.3942 0.0438 0)
(0.4015 0.0438 0)
(0.4088 0.0438 0)
(0.4161 0.0438 0)
(0.4234 0.0438 0)
(0.4307 0.0438 0)
(0.438 0.0438 0)
(0.4453 0.0438 0)
(0.4526 0.0438 0)
(0.4599 0.0438 0)
(0.4672 0.0438 0)
(0.4745 0.0438 0)
(0.4818 0.0438 0)
(0.4891 0.0438 0)
(0.4964 0.0438 0)
(0.5037 0.0438 0)
(0.511 0.0438 0)
(0.5183 0.0438 0)
(0.5256 0.0438 0)
(0.5329 0.0438 0)
(0.5402 0.0438 0)
(0.5475 0.0438 0)
(0.5548 0.0438 0)
(0.5621 0.0438 0)
(0.5694 0.0438 0)
(0.5767 0.0438 0)
(0.584 0.0438 0)
(0.5913 0.0438 0)
(0.5986 0.0438 0)
(0.6059 0.0438 0)
(0.6132 0.0438 0)
(0.6205 0.0438 0)
(0.6278 0.0438 0)
(0.6351 0.0438 0)
(0.6424 0.0438 0)
(0.6497 0.0438 0)
(0.657 0.0438 0)
(0.6643 0.0438 0)
(0.6716 0.0438 0)
(0.6789 0.0438 0)
(0.6862 0.0438 0)
(0.6935 0.0438 0)
(0.7008 0.0438 0)
(0.7081 0.0438 0)
(0.7154 0.0438 0)
(0.7227 0.0438 0)
(0.73 0.0438 0)
(0 0.0511 0)
(0.0073 0.0511 0)
(0.0146 0.0511 0)
(0.0219 0.0511 0)
(0.0292 0.0511 0)
(0.0365 0.0511 0)
(0.0438 0.0511 0)
(0.0511 0.0511 0)
(0.0584 0.0511 0)
(0.0657 0.0511 0)
(0.073 0.0511 0)
(0.0803 0.0511 0)
(0.0876 0.0511 0)
(0.0949 0.0511 0)
(0.1022 0.0511 0)
(0.1095 0.0511 0)
(0.1168 0.0511 0)
(0.1241 0.0511 0)
(0.1314 0.0511 0)
(0.1387 0.0511 0)
(0.146 0.0511 0)
(0.1533 0.0511 0)
(0.1606 0.0511 0)
(0.1679 0.0511 0)
(0.1752 0.0511 0)
(0.1825 0.0511 0)
(0.1898 0.0511 0)
(0.1971 0.0511 0)
(0.2044 0.0511 0)
(0.2117 0.0511 0)
(0.219 0.0511 0)
(0.2263 0.0511 0)
(0.2336 0.0511 0)
(0.2409 0.0511 0)
(0.2482 0.0511 0)
(0.2555 0.0511 0)
(0.2628 0.0511 0)
(0.2701 0.0511 0)
(0.2774 0.0511 0)
(0.2847 0.0511 0)
(0.292 0.0511 0)
(0.2993 0.0511 0)
(0.3066 0.0511 0)
(0.3139 0.0511 0)
(0.3212 0.0511 0)
(0.3285 0.0511 0)
(0.3358 0.0511 0)
(0.3431 0.0511 0)
(0.3504 0.0511 0)
(0.3577 0.0511 0)
(0.365 0.0511 0)
(0.3723 0.0511 0)
(0.3796 0.0511 0)
(0.3869 0.0511 0)
(0.3942 0.0511 0)
(0.4015 0.0511 0)
(0.4088 0.0511 0)
(0.4161 0.0511 0)
(0.4234 0.0511 0)
(0.4307 0.0511 0)
(0.438 0.0511 0)
(0.4453 0.0511 0)
(0.4526 0.0511 0)
(0.4599 0.0511 0)
(0.4672 0.0511 0)
(0.4745 0.0511 0)
(0.4818 0.0511 0)
(0.4891 0.0511 0)
(0.4964 0.0511 0)
(0.5037 0.0511 0)
(0.511 0.0511 0)
(0.5183 0.0511 0)
(0.5256 0.0511 0)
(0.5329 0.0511 0)
(0.5402 0.0511 0)
(0.5475 0.0511 0)
(0.5548 0.0511 0)
(0.5621 0.0511 0)
(0.5694 0.0511 0)
(0.5767 0.0511 0)
(0.584 0.0511 0)
(0.5913 0.0511 0)
(0.5986 0.0511 0)
(0.6059 0.0511 0)
(0.6132 0.0511 0)
(0.6205 0.0511 0)
(0.6278 0.0511 0)
(0.6351 0.0511 0)
(0.6424 0.0511 0)
(0.6497 0.0511 0)
(0.657 0.0511 0)
(0.6643 0.0511 0)
(0.6716 0.0511 0)
(0.6789 0.0511 0)
(0.6862 0.0511 0)
(0.6935 0.0511 0)
(0.7008 0.0511 0)
(0.7081 0.0511 0)
(0.7154 0.0511 0)
(0.7227 0.0511 0)
(0.73 0.0511 0)
(0 0.0584 0)
(0.0073 0.0584 0)
(0.0146 0.0584 0)
(0.0219 0.0584 0)
(0.0292 0.0584 0)
(0.0365 0.0584 0)
(0.0438 0.0584 0)
(0.0511 0.0584 0)
(0.0584 0.0584 0)
(0.0657 0.0584 0)
(0.073 0.0584 0)
(0.0803 0.0584 0)
(0.0876 0.0584 0)
(0.0949 0.0584 0)
(0.1022 0.0584 0)
(0.1095 0.0584 0)
(0.1168 0.0584 0)
(0.1241 0.0584 0)
(0.1314 0.0584 0)
(0.1387 0.0584 0)
(0.146 0.0584 0)
(0.1533 0.0584 0)
(0.1606 0.0584 0)
(0.1679 0.0584 0)
(0.1752 0.0584 0)
(0.1825 0.0584 0)
(0.1898 0.0584 0)
(0.1971 0.0584 0)
(0.2044 0.0584 0)
(0.2117 0.0584 0)
(0.219 0.0584 0)
(0.2263 0.0584 0)
(0.2336 0.0584 0)
(0.2409 0.0584 0)
(0.2482 0.0584 0)
(0.2555 0.0584 0)
(0.2628 0.0584 0)
(0.2701 0.0584 0)
(0.2774 0.0584 0)
(0.2847 0.0584 0)
(0.292 0.0584 0)
(0.2993 0.0584 0)
(0.3066 0.0584 0)
(0.3139 0.0584 0)
(0.3212 0.0584 0)
(0.3285 0.0584 0)
(0.3358 0.0584 0)
(0.3431 0.0584 0)
(0.3504 0.0584 0)
(0.3577 0.0584 0)
(0.365 0.0584 0)
(0.3723 0.0584 0)
(0.3796 0.0584 0)
(0.3869 0.0584 0)
(0.3942 0.0584 0)
(0.4015 0.0584 0)
(0.4088 0.0584 0)
(0.4161 0.0584 0)
(0.4234 0.0584 0)
(0.4307 0.0584 0)
(0.438 0.0584 0)
(0.4453 0.0584 0)
(0.4526 0.0584 0)
(0.4599 0.0584 0)
(0.4672 0.0584 0)
(0.4745 0.0584 0)
(0.4818 0.0584 0)
(0.4891 0.0584 0)
(0.4964 0.0584 0)
(0.5037 0.0584 0)
(0.511 0.0584 0)
(0.5183 0.0584 0)
(0.5256 0.0584 0)
(0.5329 0.0584 0)
(0.5402 0.0584 0)
(0.5475 0.0584 0)
(0.5548 0.0584 0)
(0.5621 0.0584 0)
(0.5694 0.0584 0)
(0.5767 0.0584 0)
(0.584 0.0584 0)
(0.5913 0.0584 0)
(0.5986 0.0584 0)
(0.6059 0.0584 0)
(0.6132 0.0584 0)
(0.6205 0.0584 0)
(0.6278 0.0584 0)
(0.6351 0.0584 0)
(0.6424 0.0584 0)
(0.6497 0.0584 0)
(0.657 0.0584 0)
(0.6643 0.0584 0)
(0.6716 0.0584 0)
(0.6789 0.0584 0)
(0.6862 0.0584 0)
(0.6935 0.0584 0)
(0.7008 0.0584 0)
(0.7081 0.0584 0)
(0.7154 0.0584 0)
(0.7227 0.0584 0)
(0.73 0.0584 0)
(0 0.0657 0)
(0.0073 0.0657 0)
(0.0146 0.0657 0)
(0.0219 0.0657 0)
(0.0292 0.0657 0)
(0.0365 0.0657 0)
(0.0438 0.0657 0)
(0.0511 0.0657 0)
(0.0584 0.0657 0)
(0.0657 0.0657 0)
(0.073 0.0657 0)
(0.0803 0.0657 0)
(0.0876 0.0657 0)
(0.0949 0.0657 0)
(0.1022 0.0657 0)
(0.1095 0.0657 0)
(0.1168 0.0657 0)
(0.1241 0.0657 0)
(0.1314 0.0657 0)
(0.1387 0.0657 0)
(0.146 0.0657 0)
(0.1533 0.0657 0)
(0.1606 0.0657 0)
(0.1679 0.0657 0)
(0.1752 0.0657 0)
(0.1825 0.0657 0)
(0.1898 0.0657 0)
(0.1971 0.0657 0)
(0.2044 0.0657 0)
(0.2117 0.0657 0)
(0.219 0.0657 0)
(0.2263 0.0657 0)
(0.2336 0.0657 0)
(0.2409 0.0657 0)
(0.2482 0.0657 0)
(0.2555 0.0657 0)
(0.2628 0.0657 0)
(0.2701 0.0657 0)
(0.2774 0.0657 0)
(0.2847 0.0657 0)
(0.292 0.0657 0)
(0.2993 0.0657 0)
(0.3066 0.0657 0)
(0.3139 0.0657 0)
(0.3212 0.0657 0)
(0.3285 0.0657 0)
(0.3358 0.0657 0)
(0.3431 0.0657 0)
(0.3504 0.0657 0)
(0.3577 0.0657 0)
(0.365 0.0657 0)
(0.3723 0.0657 0)
(0.3796 0.0657 0)
(0.3869 0.0657 0)
(0.3942 0.0657 0)
(0.4015 0.0657 0)
(0.4088 0.0657 0)
(0.4161 0.0657 0)
(0.4234 0.0657 0)
(0.4307 0.0657 0)
(0.438 0.0657 0)
(0.4453 0.0657 0)
(0.4526 0.0657 0)
(0.4599 0.0657 0)
(0.4672 0.0657 0)
(0.4745 0.0657 0)
(0.4818 0.0657 0)
(0.4891 0.0657 0)
(0.4964 0.0657 0)
(0.5037 0.0657 0)
(0.511 0.0657 0)
(0.5183 0.0657 0)
(0.5256 0.0657 0)
(0.5329 0.0657 0)
(0.5402 0.0657 0)
(0.5475 0.0657 0)
(0.5548 0.0657 0)
(0.5621 0.0657 0)
(0.5694 0.0657 0)
(0.5767 0.0657 0)
(0.584 0.0657 0)
(0.5913 0.0657 0)
(0.5986 0.0657 0)
(0.6059 0.0657 0)
(0.6132 0.0657 0)
(0.6205 0.0657 0)
(0.6278 0.0657 0)
(0.6351 0.0657 0)
(0.6424 0.0657 0)
(0.6497 0.0657 0)
(0.657 0.0657 0)
(0.6643 0.0657 0)
(0.6716 0.0657 0)
(0.6789 0.0657 0)
(0.6862 0.0657 0)
(0.6935 0.0657 0)
(0.7008 0.0657 0)
(0.7081 0.0657 0)
(0.7154 0.0657 0)
(0.7227 0.0657 0)
(0.73 0.0657 0)
(0 0.073 0)
(0.0073 0.073 0)
(0.0146 0.073 0)
(0.0219 0.073 0)
(0.0292 0.073 0)
(0.0365 0.073 0)
(0.0438 0.073 0)
(0.0511 0.073 0)
(0.0584 0.073 0)
(0.0657 0.073 0)
(0.073 0.073 0)
(0.0803 0.073 0)
(0.0876 0.073 0)
(0.0949 0.073 0)
(0.1022 0.073 0)
(0.1095 0.073 0)
(0.1168 0.073 0)
(0.1241 0.073 0)
(0.1314 0.073 0)
(0.1387 0.073 0)
(0.146 0.073 0)
(0.1533 0.073 0)
(0.1606 0.073 0)
(0.1679 0.073 0)
(0.1752 0.073 0)
(0.1825 0.073 0)
(0.1898 0.073 0)
(0.1971 0.073 0)
(0.2044 0.073 0)
(0.2117 0.073 0)
(0.219 0.073 0)
(0.2263 0.073 0)
(0.2336 0.073 0)
(0.2409 0.073 0)
(0.2482 0.073 0)
(0.2555 0.073 0)
(0.2628 0.073 0)
(0.2701 0.073 0)
(0.2774 0.073 0)
(0.2847 0.073 0)
(0.292 0.073 0)
(0.2993 0.073 0)
(0.3066 0.073 0)
(0.3139 0.073 0)
(0.3212 0.073 0)
(0.3285 0.073 0)
(0.3358 0.073 0)
(0.3431 0.073 0)
(0.3504 0.073 0)
(0.3577 0.073 0)
(0.365 0.073 0)
(0.3723 0.073 0)
(0.3796 0.073 0)
(0.3869 0.073 0)
(0.3942 0.073 0)
(0.4015 0.073 0)
(0.4088 0.073 0)
(0.4161 0.073 0)
(0.4234 0.073 0)
(0.4307 0.073 0)
(0.438 0.073 0)
(0.4453 0.073 0)
(0.4526 0.073 0)
(0.4599 0.073 0)
(0.4672 0.073 0)
(0.4745 0.073 0)
(0.4818 0.073 0)
(0.4891 0.073 0)
(0.4964 0.073 0)
(0.5037 0.073 0)
(0.511 0.073 0)
(0.5183 0.073 0)
(0.5256 0.073 0)
(0.5329 0.073 0)
(0.5402 0.073 0)
(0.5475 0.073 0)
(0.5548 0.073 0)
(0.5621 0.073 0)
(0.5694 0.073 0)
(0.5767 0.073 0)
(0.584 0.073 0)
(0.5913 0.073 0)
(0.5986 0.073 0)
(0.6059 0.073 0)
(0.6132 0.073 0)
(0.6205 0.073 0)
(0.6278 0.073 0)
(0.6351 0.073 0)
(0.6424 0.073 0)
(0.6497 0.073 0)
(0.657 0.073 0)
(0.6643 0.073 0)
(0.6716 0.073 0)
(0.6789 0.073 0)
(0.6862 0.073 0)
(0.6935 0.073 0)
(0.7008 0.073 0)
(0.7081 0.073 0)
(0.7154 0.073 0)
(0.7227 0.073 0)
(0.73 0.073 0)
(0 -0.073 0.0146)
(0.0073 -0.073 0.0146)
(0.0146 -0.073 0.0146)
(0.0219 -0.073 0.0146)
(0.0292 -0.073 0.0146)
(0.0365 -0.073 0.0146)
(0.0438 -0.073 0.0146)
(0.0511 -0.073 0.0146)
(0.0584 -0.073 0.0146)
(0.0657 -0.073 0.0146)
(0.073 -0.073 0.0146)
(0.0803 -0.073 0.0146)
(0.0876 -0.073 0.0146)
(0.0949 -0.073 0.0146)
(0.1022 -0.073 0.0146)
(0.1095 -0.073 0.0146)
(0.1168 -0.073 0.0146)
(0.1241 -0.073 0.0146)
(0.1314 -0.073 0.0146)
(0.1387 -0.073 0.0146)
(0.146 -0.073 0.0146)
(0.1533 -0.073 0.0146)
(0.1606 -0.073 0.0146)
(0.1679 -0.073 0.0146)
(0.1752 -0.073 0.0146)
(0.1825 -0.073 0.0146)
(0.1898 -0.073 0.0146)
(0.1971 -0.073 0.0146)
(0.2044 -0.073 0.0146)
(0.2117 -0.073 0.0146)
(0.219 -0.073 0.0146)
(0.2263 -0.073 0.0146)
(0.2336 -0.073 0.0146)
(0.2409 -0.073 0.0146)
(0.2482 -0.073 0.0146)
(0.2555 -0.073 0.0146)
(0.2628 -0.073 0.0146)
(0.2701 -0.073 0.0146)
(0.2774 -0.073 0.0146)
(0.2847 -0.073 0.0146)
(0.292 -0.073 0.0146)
(0.2993 -0.073 0.0146)
(0.3066 -0.073 0.0146)
(0.3139 -0.073 0.0146)
(0.3212 -0.073 0.0146)
(0.3285 -0.073 0.0146)
(0.3358 -0.073 0.0146)
(0.3431 -0.073 0.0146)
(0.3504 -0.073 0.0146)
(0.3577 -0.073 0.0146)
(0.365 -0.073 0.0146)
(0.3723 -0.073 0.0146)
(0.3796 -0.073 0.0146)
(0.3869 -0.073 0.0146)
(0.3942 -0.073 0.0146)
(0.4015 -0.073 0.0146)
(0.4088 -0.073 0.0146)
(0.4161 -0.073 0.0146)
(0.4234 -0.073 0.0146)
(0.4307 -0.073 0.0146)
(0.438 -0.073 0.0146)
(0.4453 -0.073 0.0146)
(0.4526 -0.073 0.0146)
(0.4599 -0.073 0.0146)
(0.4672 -0.073 0.0146)
(0.4745 -0.073 0.0146)
(0.4818 -0.073 0.0146)
(0.4891 -0.073 0.0146)
(0.4964 -0.073 0.0146)
(0.5037 -0.073 0.0146)
(0.511 -0.073 0.0146)
(0.5183 -0.073 0.0146)
(0.5256 -0.073 0.0146)
(0.5329 -0.073 0.0146)
(0.5402 -0.073 0.0146)
(0.5475 -0.073 0.0146)
(0.5548 -0.073 0.0146)
(0.5621 -0.073 0.0146)
(0.5694 -0.073 0.0146)
(0.5767 -0.073 0.0146)
(0.584 -0.073 0.0146)
(0.5913 -0.073 0.0146)
(0.5986 -0.073 0.0146)
(0.6059 -0.073 0.0146)
(0.6132 -0.073 0.0146)
(0.6205 -0.073 0.0146)
(0.6278 -0.073 0.0146)
(0.6351 -0.073 0.0146)
(0.6424 -0.073 0.0146)
(0.6497 -0.073 0.0146)
(0.657 -0.073 0.0146)
(0.6643 -0.073 0.0146)
(0.6716 -0.073 0.0146)
(0.6789 -0.073 0.0146)
(0.6862 -0.073 0.0146)
(0.6935 -0.073 0.0146)
(0.7008 -0.073 0.0146)
(0.7081 -0.073 0.0146)
(0.7154 -0.073 0.0146)
(0.7227 -0.073 0.0146)
(0.73 -0.073 0.0146)
(0 -0.0657 0.0146)
(0.0073 -0.0657 0.0146)
(0.0146 -0.0657 0.0146)
(0.0219 -0.0657 0.0146)
(0.0292 -0.0657 0.0146)
(0.0365 -0.0657 0.0146)
(0.0438 -0.0657 0.0146)
(0.0511 -0.0657 0.0146)
(0.0584 -0.0657 0.0146)
(0.0657 -0.0657 0.0146)
(0.073 -0.0657 0.0146)
(0.0803 -0.0657 0.0146)
(0.0876 -0.0657 0.0146)
(0.0949 -0.0657 0.0146)
(0.1022 -0.0657 0.0146)
(0.1095 -0.0657 0.0146)
(0.1168 -0.0657 0.0146)
(0.1241 -0.0657 0.0146)
(0.1314 -0.0657 0.0146)
(0.1387 -0.0657 0.0146)
(0.146 -0.0657 0.0146)
(0.1533 -0.0657 0.0146)
(0.1606 -0.0657 0.0146)
(0.1679 -0.0657 0.0146)
(0.1752 -0.0657 0.0146)
(0.1825 -0.0657 0.0146)
(0.1898 -0.0657 0.0146)
(0.1971 -0.0657 0.0146)
(0.2044 -0.0657 0.0146)
(0.2117 -0.0657 0.0146)
(0.219 -0.0657 0.0146)
(0.2263 -0.0657 0.0146)
(0.2336 -0.0657 0.0146)
(0.2409 -0.0657 0.0146)
(0.2482 -0.0657 0.0146)
(0.2555 -0.0657 0.0146)
(0.2628 -0.0657 0.0146)
(0.2701 -0.0657 0.0146)
(0.2774 -0.0657 0.0146)
(0.2847 -0.0657 0.0146)
(0.292 -0.0657 0.0146)
(0.2993 -0.0657 0.0146)
(0.3066 -0.0657 0.0146)
(0.3139 -0.0657 0.0146)
(0.3212 -0.0657 0.0146)
(0.3285 -0.0657 0.0146)
(0.3358 -0.0657 0.0146)
(0.3431 -0.0657 0.0146)
(0.3504 -0.0657 0.0146)
(0.3577 -0.0657 0.0146)
(0.365 -0.0657 0.0146)
(0.3723 -0.0657 0.0146)
(0.3796 -0.0657 0.0146)
(0.3869 -0.0657 0.0146)
(0.3942 -0.0657 0.0146)
(0.4015 -0.0657 0.0146)
(0.4088 -0.0657 0.0146)
(0.4161 -0.0657 0.0146)
(0.4234 -0.0657 0.0146)
(0.4307 -0.0657 0.0146)
(0.438 -0.0657 0.0146)
(0.4453 -0.0657 0.0146)
(0.4526 -0.0657 0.0146)
(0.4599 -0.0657 0.0146)
(0.4672 -0.0657 0.0146)
(0.4745 -0.0657 0.0146)
(0.4818 -0.0657 0.0146)
(0.4891 -0.0657 0.0146)
(0.4964 -0.0657 0.0146)
(0.5037 -0.0657 0.0146)
(0.511 -0.0657 0.0146)
(0.5183 -0.0657 0.0146)
(0.5256 -0.0657 0.0146)
(0.5329 -0.0657 0.0146)
(0.5402 -0.0657 0.0146)
(0.5475 -0.0657 0.0146)
(0.5548 -0.0657 0.0146)
(0.5621 -0.0657 0.0146)
(0.5694 -0.0657 0.0146)
(0.5767 -0.0657 0.0146)
(0.584 -0.0657 0.0146)
(0.5913 -0.0657 0.0146)
(0.5986 -0.0657 0.0146)
(0.6059 -0.0657 0.0146)
(0.6132 -0.0657 0.0146)
(0.6205 -0.0657 0.0146)
(0.6278 -0.0657 0.0146)
(0.6351 -0.0657 0.0146)
(0.6424 -0.0657 0.0146)
(0.6497 -0.0657 0.0146)
(0.657 -0.0657 0.0146)
(0.6643 -0.0657 0.0146)
(0.6716 -0.0657 0.0146)
(0.6789 -0.0657 0.0146)
(0.6862 -0.0657 0.0146)
(0.6935 -0.0657 0.0146)
(0.7008 -0.0657 0.0146)
(0.7081 -0.0657 0.0146)
(0.7154 -0.0657 0.0146)
(0.7227 -0.0657 0.0146)
(0.73 -0.0657 0.0146)
(0 -0.0584 0.0146)
(0.0073 -0.0584 0.0146)
(0.0146 -0.0584 0.0146)
(0.0219 -0.0584 0.0146)
(0.0292 -0.0584 0.0146)
(0.0365 -0.0584 0.0146)
(0.0438 -0.0584 0.0146)
(0.0511 -0.0584 0.0146)
(0.0584 -0.0584 0.0146)
(0.0657 -0.0584 0.0146)
(0.073 -0.0584 0.0146)
(0.0803 -0.0584 0.0146)
(0.0876 -0.0584 0.0146)
(0.0949 -0.0584 0.0146)
(0.1022 -0.0584 0.0146)
(0.1095 -0.0584 0.0146)
(0.1168 -0.0584 0.0146)
(0.1241 -0.0584 0.0146)
(0.1314 -0.0584 0.0146)
(0.1387 -0.0584 0.0146)
(0.146 -0.0584 0.0146)
(0.1533 -0.0584 0.0146)
(0.1606 -0.0584 0.0146)
(0.1679 -0.0584 0.0146)
(0.1752 -0.0584 0.0146)
(0.1825 -0.0584 0.0146)
(0.1898 -0.0584 0.0146)
(0.1971 -0.0584 0.0146)
(0.2044 -0.0584 0.0146)
(0.2117 -0.0584 0.0146)
(0.219 -0.0584 0.0146)
(0.2263 -0.0584 0.0146)
(0.2336 -0.0584 0.0146)
(0.2409 -0.0584 0.0146)
(0.2482 -0.0584 0.0146)
(0.2555 -0.0584 0.0146)
(0.2628 -0.0584 0.0146)
(0.2701 -0.0584 0.0146)
(0.2774 -0.0584 0.0146)
(0.2847 -0.0584 0.0146)
(0.292 -0.0584 0.0146)
(0.2993 -0.0584 0.0146)
(0.3066 -0.0584 0.0146)
(0.3139 -0.0584 0.0146)
(0.3212 -0.0584 0.0146)
(0.3285 -0.0584 0.0146)
(0.3358 -0.0584 0.0146)
(0.3431 -0.0584 0.0146)
(0.3504 -0.0584 0.0146)
(0.3577 -0.0584 0.0146)
(0.365 -0.0584 0.0146)
(0.3723 -0.0584 0.0146)
(0.3796 -0.0584 0.0146)
(0.3869 -0.0584 0.0146)
(0.3942 -0.0584 0.0146)
(0.4015 -0.0584 0.0146)
(0.4088 -0.0584 0.0146)
(0.4161 -0.0584 0.0146)
(0.4234 -0.0584 0.0146)
(0.4307 -0.0584 0.0146)
(0.438 -0.0584 0.0146)
(0.4453 -0.0584 0.0146)
(0.4526 -0.0584 0.0146)
(0.4599 -0.0584 0.0146)
(0.4672 -0.0584 0.0146)
(0.4745 -0.0584 0.0146)
(0.4818 -0.0584 0.0146)
(0.4891 -0.0584 0.0146)
(0.4964 -0.0584 0.0146)
(0.5037 -0.0584 0.0146)
(0.511 -0.0584 0.0146)
(0.5183 -0.0584 0.0146)
(0.5256 -0.0584 0.0146)
(0.5329 -0.0584 0.0146)
(0.5402 -0.0584 0.0146)
(0.5475 -0.0584 0.0146)
(0.5548 -0.0584 0.0146)
(0.5621 -0.0584 0.0146)
(0.5694 -0.0584 0.0146)
(0.5767 -0.0584 0.0146)
(0.584 -0.0584 0.0146)
(0.5913 -0.0584 0.0146)
(0.5986 -0.0584 0.0146)
(0.6059 -0.0584 0.0146)
(0.6132 -0.0584 0.0146)
(0.6205 -0.0584 0.0146)
(0.6278 -0.0584 0.0146)
(0.6351 -0.0584 0.0146)
(0.6424 -0.0584 0.0146)
(0.6497 -0.0584 0.0146)
(0.657 -0.0584 0.0146)
(0.6643 -0.0584 0.0146)
(0.6716 -0.0584 0.0146)
(0.6789 -0.0584 0.0146)
(0.6862 -0.0584 0.0146)
(0.6935 -0.0584 0.0146)
(0.7008 -0.0584 0.0146)
(0.7081 -0.0584 0.0146)
(0.7154 -0.0584 0.0146)
(0.7227 -0.0584 0.0146)
(0.73 -0.0584 0.0146)
(0 -0.0511 0.0146)
(0.0073 -0.0511 0.0146)
(0.0146 -0.0511 0.0146)
(0.0219 -0.0511 0.0146)
(0.0292 -0.0511 0.0146)
(0.0365 -0.0511 0.0146)
(0.0438 -0.0511 0.0146)
(0.0511 -0.0511 0.0146)
(0.0584 -0.0511 0.0146)
(0.0657 -0.0511 0.0146)
(0.073 -0.0511 0.0146)
(0.0803 -0.0511 0.0146)
(0.0876 -0.0511 0.0146)
(0.0949 -0.0511 0.0146)
(0.1022 -0.0511 0.0146)
(0.1095 -0.0511 0.0146)
(0.1168 -0.0511 0.0146)
(0.1241 -0.0511 0.0146)
(0.1314 -0.0511 0.0146)
(0.1387 -0.0511 0.0146)
(0.146 -0.0511 0.0146)
(0.1533 -0.0511 0.0146)
(0.1606 -0.0511 0.0146)
(0.1679 -0.0511 0.0146)
(0.1752 -0.0511 0.0146)
(0.1825 -0.0511 0.0146)
(0.1898 -0.0511 0.0146)
(0.1971 -0.0511 0.0146)
(0.2044 -0.0511 0.0146)
(0.2117 -0.0511 0.0146)
(0.219 -0.0511 0.0146)
(0.2263 -0.0511 0.0146)
(0.2336 -0.0511 0.0146)
(0.2409 -0.0511 0.0146)
(0.2482 -0.0511 0.0146)
(0.2555 -0.0511 0.0146)
(0.2628 -0.0511 0.0146)
(0.2701 -0.0511 0.0146)
(0.2774 -0.0511 0.0146)
(0.2847 -0.0511 0.0146)
(0.292 -0.0511 0.0146)
(0.2993 -0.0511 0.0146)
(0.3066 -0.0511 0.0146)
(0.3139 -0.0511 0.0146)
(0.3212 -0.0511 0.0146)
(0.3285 -0.0511 0.0146)
(0.3358 -0.0511 0.0146)
(0.3431 -0.0511 0.0146)
(0.3504 -0.0511 0.0146)
(0.3577 -0.0511 0.0146)
(0.365 -0.0511 0.0146)
(0.3723 -0.0511 0.0146)
(0.3796 -0.0511 0.0146)
(0.3869 -0.0511 0.0146)
(0.3942 -0.0511 0.0146)
(0.4015 -0.0511 0.0146)
(0.4088 -0.0511 0.0146)
(0.4161 -0.0511 0.0146)
(0.4234 -0.0511 0.0146)
(0.4307 -0.0511 0.0146)
(0.438 -0.0511 0.0146)
(0.4453 -0.0511 0.0146)
(0.4526 -0.0511 0.0146)
(0.4599 -0.0511 0.0146)
(0.4672 -0.0511 0.0146)
(0.4745 -0.0511 0.0146)
(0.4818 -0.0511 0.0146)
(0.4891 -0.0511 0.0146)
(0.4964 -0.0511 0.0146)
(0.5037 -0.0511 0.0146)
(0.511 -0.0511 0.0146)
(0.5183 -0.0511 0.0146)
(0.5256 -0.0511 0.0146)
(0.5329 -0.0511 0.0146)
(0.5402 -0.0511 0.0146)
(0.5475 -0.0511 0.0146)
(0.5548 -0.0511 0.0146)
(0.5621 -0.0511 0.0146)
(0.5694 -0.0511 0.0146)
(0.5767 -0.0511 0.0146)
(0.584 -0.0511 0.0146)
(0.5913 -0.0511 0.0146)
(0.5986 -0.0511 0.0146)
(0.6059 -0.0511 0.0146)
(0.6132 -0.0511 0.0146)
(0.6205 -0.0511 0.0146)
(0.6278 -0.0511 0.0146)
(0.6351 -0.0511 0.0146)
(0.6424 -0.0511 0.0146)
(0.6497 -0.0511 0.0146)
(0.657 -0.0511 0.0146)
(0.6643 -0.0511 0.0146)
(0.6716 -0.0511 0.0146)
(0.6789 -0.0511 0.0146)
(0.6862 -0.0511 0.0146)
(0.6935 -0.0511 0.0146)
(0.7008 -0.0511 0.0146)
(0.7081 -0.0511 0.0146)
(0.7154 -0.0511 0.0146)
(0.7227 -0.0511 0.0146)
(0.73 -0.0511 0.0146)
(0 -0.0438 0.0146)
(0.0073 -0.0438 0.0146)
(0.0146 -0.0438 0.0146)
(0.0219 -0.0438 0.0146)
(0.0292 -0.0438 0.0146)
(0.0365 -0.0438 0.0146)
(0.0438 -0.0438 0.0146)
(0.0511 -0.0438 0.0146)
(0.0584 -0.0438 0.0146)
(0.0657 -0.0438 0.0146)
(0.073 -0.0438 0.0146)
(0.0803 -0.0438 0.0146)
(0.0876 -0.0438 0.0146)
(0.0949 -0.0438 0.0146)
(0.1022 -0.0438 0.0146)
(0.1095 -0.0438 0.0146)
(0.1168 -0.0438 0.0146)
(0.1241 -0.0438 0.0146)
(0.1314 -0.0438 0.0146)
(0.1387 -0.0438 0.0146)
(0.146 -0.0438 0.0146)
(0.1533 -0.0438 0.0146)
(0.1606 -0.0438 0.0146)
(0.1679 -0.0438 0.0146)
(0.1752 -0.0438 0.0146)
(0.1825 -0.0438 0.0146)
(0.1898 -0.0438 0.0146)
(0.1971 -0.0438 0.0146)
(0.2044 -0.0438 0.0146)
(0.2117 -0.0438 0.0146)
(0.219 -0.0438 0.0146)
(0.2263 -0.0438 0.0146)
(0.2336 -0.0438 0.0146)
(0.2409 -0.0438 0.0146)
(0.2482 -0.0438 0.0146)
(0.2555 -0.0438 0.0146)
(0.2628 -0.0438 0.0146)
(0.2701 -0.0438 0.0146)
(0.2774 -0.0438 0.0146)
(0.2847 -0.0438 0.0146)
(0.292 -0.0438 0.0146)
(0.2993 -0.0438 0.0146)
(0.3066 -0.0438 0.0146)
(0.3139 -0.0438 0.0146)
(0.3212 -0.0438 0.0146)
(0.3285 -0.0438 0.0146)
(0.3358 -0.0438 0.0146)
(0.3431 -0.0438 0.0146)
(0.3504 -0.0438 0.0146)
(0.3577 -0.0438 0.0146)
(0.365 -0.0438 0.0146)
(0.3723 -0.0438 0.0146)
(0.3796 -0.0438 0.0146)
(0.3869 -0.0438 0.0146)
(0.3942 -0.0438 0.0146)
(0.4015 -0.0438 0.0146)
(0.4088 -0.0438 0.0146)
(0.4161 -0.0438 0.0146)
(0.4234 -0.0438 0.0146)
(0.4307 -0.0438 0.0146)
(0.438 -0.0438 0.0146)
(0.4453 -0.0438 0.0146)
(0.4526 -0.0438 0.0146)
(0.4599 -0.0438 0.0146)
(0.4672 -0.0438 0.0146)
(0.4745 -0.0438 0.0146)
(0.4818 -0.0438 0.0146)
(0.4891 -0.0438 0.0146)
(0.4964 -0.0438 0.0146)
(0.5037 -0.0438 0.0146)
(0.511 -0.0438 0.0146)
(0.5183 -0.0438 0.0146)
(0.5256 -0.0438 0.0146)
(0.5329 -0.0438 0.0146)
(0.5402 -0.0438 0.0146)
(0.5475 -0.0438 0.0146)
(0.5548 -0.0438 0.0146)
(0.5621 -0.0438 0.0146)
(0.5694 -0.0438 0.0146)
(0.5767 -0.0438 0.0146)
(0.584 -0.0438 0.0146)
(0.5913 -0.0438 0.0146)
(0.5986 -0.0438 0.0146)
(0.6059 -0.0438 0.0146)
(0.6132 -0.0438 0.0146)
(0.6205 -0.0438 0.0146)
(0.6278 -0.0438 0.0146)
(0.6351 -0.0438 0.0146)
(0.6424 -0.0438 0.0146)
(0.6497 -0.0438 0.0146)
(0.657 -0.0438 0.0146)
(0.6643 -0.0438 0.0146)
(0.6716 -0.0438 0.0146)
(0.6789 -0.0438 0.0146)
(0.6862 -0.0438 0.0146)
(0.6935 -0.0438 0.0146)
(0.7008 -0.0438 0.0146)
(0.7081 -0.0438 0.0146)
(0.7154 -0.0438 0.0146)
(0.7227 -0.0438 0.0146)
(0.73 -0.0438 0.0146)
(0 -0.0365 0.0146)
(0.0073 -0.0365 0.0146)
(0.0146 -0.0365 0.0146)
(0.0219 -0.0365 0.0146)
(0.0292 -0.0365 0.0146)
(0.0365 -0.0365 0.0146)
(0.0438 -0.0365 0.0146)
(0.0511 -0.0365 0.0146)
(0.0584 -0.0365 0.0146)
(0.0657 -0.0365 0.0146)
(0.073 -0.0365 0.0146)
(0.0803 -0.0365 0.0146)
(0.0876 -0.0365 0.0146)
(0.0949 -0.0365 0.0146)
(0.1022 -0.0365 0.0146)
(0.1095 -0.0365 0.0146)
(0.1168 -0.0365 0.0146)
(0.1241 -0.0365 0.0146)
(0.1314 -0.0365 0.0146)
(0.1387 -0.0365 0.0146)
(0.146 -0.0365 0.0146)
(0.1533 -0.0365 0.0146)
(0.1606 -0.0365 0.0146)
(0.1679 -0.0365 0.0146)
(0.1752 -0.0365 0.0146)
(0.1825 -0.0365 0.0146)
(0.1898 -0.0365 0.0146)
(0.1971 -0.0365 0.0146)
(0.2044 -0.0365 0.0146)
(0.2117 -0.0365 0.0146)
(0.219 -0.0365 0.0146)
(0.2263 -0.0365 0.0146)
(0.2336 -0.0365 0.0146)
(0.2409 -0.0365 0.0146)
(0.2482 -0.0365 0.0146)
(0.2555 -0.0365 0.0146)
(0.2628 -0.0365 0.0146)
(0.2701 -0.0365 0.0146)
(0.2774 -0.0365 0.0146)
(0.2847 -0.0365 0.0146)
(0.292 -0.0365 0.0146)
(0.2993 -0.0365 0.0146)
(0.3066 -0.0365 0.0146)
(0.3139 -0.0365 0.0146)
(0.3212 -0.0365 0.0146)
(0.3285 -0.0365 0.0146)
(0.3358 -0.0365 0.0146)
(0.3431 -0.0365 0.0146)
(0.3504 -0.0365 0.0146)
(0.3577 -0.0365 0.0146)
(0.365 -0.0365 0.0146)
(0.3723 -0.0365 0.0146)
(0.3796 -0.0365 0.0146)
(0.3869 -0.0365 0.0146)
(0.3942 -0.0365 0.0146)
(0.4015 -0.0365 0.0146)
(0.4088 -0.0365 0.0146)
(0.4161 -0.0365 0.0146)
(0.4234 -0.0365 0.0146)
(0.4307 -0.0365 0.0146)
(0.438 -0.0365 0.0146)
(0.4453 -0.0365 0.0146)
(0.4526 -0.0365 0.0146)
(0.4599 -0.0365 0.0146)
(0.4672 -0.0365 0.0146)
(0.4745 -0.0365 0.0146)
(0.4818 -0.0365 0.0146)
(0.4891 -0.0365 0.0146)
(0.4964 -0.0365 0.0146)
(0.5037 -0.0365 0.0146)
(0.511 -0.0365 0.0146)
(0.5183 -0.0365 0.0146)
(0.5256 -0.0365 0.0146)
(0.5329 -0.0365 0.0146)
(0.5402 -0.0365 0.0146)
(0.5475 -0.0365 0.0146)
(0.5548 -0.0365 0.0146)
(0.5621 -0.0365 0.0146)
(0.5694 -0.0365 0.0146)
(0.5767 -0.0365 0.0146)
(0.584 -0.0365 0.0146)
(0.5913 -0.0365 0.0146)
(0.5986 -0.0365 0.0146)
(0.6059 -0.0365 0.0146)
(0.6132 -0.0365 0.0146)
(0.6205 -0.0365 0.0146)
(0.6278 -0.0365 0.0146)
(0.6351 -0.0365 0.0146)
(0.6424 -0.0365 0.0146)
(0.6497 -0.0365 0.0146)
(0.657 -0.0365 0.0146)
(0.6643 -0.0365 0.0146)
(0.6716 -0.0365 0.0146)
(0.6789 -0.0365 0.0146)
(0.6862 -0.0365 0.0146)
(0.6935 -0.0365 0.0146)
(0.7008 -0.0365 0.0146)
(0.7081 -0.0365 0.0146)
(0.7154 -0.0365 0.0146)
(0.7227 -0.0365 0.0146)
(0.73 -0.0365 0.0146)
(0 -0.0292 0.0146)
(0.0073 -0.0292 0.0146)
(0.0146 -0.0292 0.0146)
(0.0219 -0.0292 0.0146)
(0.0292 -0.0292 0.0146)
(0.0365 -0.0292 0.0146)
(0.0438 -0.0292 0.0146)
(0.0511 -0.0292 0.0146)
(0.0584 -0.0292 0.0146)
(0.0657 -0.0292 0.0146)
(0.073 -0.0292 0.0146)
(0.0803 -0.0292 0.0146)
(0.0876 -0.0292 0.0146)
(0.0949 -0.0292 0.0146)
(0.1022 -0.0292 0.0146)
(0.1095 -0.0292 0.0146)
(0.1168 -0.0292 0.0146)
(0.1241 -0.0292 0.0146)
(0.1314 -0.0292 0.0146)
(0.1387 -0.0292 0.0146)
(0.146 -0.0292 0.0146)
(0.1533 -0.0292 0.0146)
(0.1606 -0.0292 0.0146)
(0.1679 -0.0292 0.0146)
(0.1752 -0.0292 0.0146)
(0.1825 -0.0292 0.0146)
(0.1898 -0.0292 0.0146)
(0.1971 -0.0292 0.0146)
(0.2044 -0.0292 0.0146)
(0.2117 -0.0292 0.0146)
(0.219 -0.0292 0.0146)
(0.2263 -0.0292 0.0146)
(0.2336 -0.0292 0.0146)
(0.2409 -0.0292 0.0146)
(0.2482 -0.0292 0.0146)
(0.2555 -0.0292 0.0146)
(0.2628 -0.0292 0.0146)
(0.2701 -0.0292 0.0146)
(0.2774 -0.0292 0.0146)
(0.2847 -0.0292 0.0146)
(0.292 -0.0292 0.0146)
(0.2993 -0.0292 0.0146)
(0.3066 -0.0292 0.0146)
(0.3139 -0.0292 0.0146)
(0.3212 -0.0292 0.0146)
(0.3285 -0.0292 0.0146)
(0.3358 -0.0292 0.0146)
(0.3431 -0.0292 0.0146)
(0.3504 -0.0292 0.0146)
(0.3577 -0.0292 0.0146)
(0.365 -0.0292 0.0146)
(0.3723 -0.0292 0.0146)
(0.3796 -0.0292 0.0146)
(0.3869 -0.0292 0.0146)
(0.3942 -0.0292 0.0146)
(0.4015 -0.0292 0.0146)
(0.4088 -0.0292 0.0146)
(0.4161 -0.0292 0.0146)
(0.4234 -0.0292 0.0146)
(0.4307 -0.0292 0.0146)
(0.438 -0.0292 0.0146)
(0.4453 -0.0292 0.0146)
(0.4526 -0.0292 0.0146)
(0.4599 -0.0292 0.0146)
(0.4672 -0.0292 0.0146)
(0.4745 -0.0292 0.0146)
(0.4818 -0.0292 0.0146)
(0.4891 -0.0292 0.0146)
(0.4964 -0.0292 0.0146)
(0.5037 -0.0292 0.0146)
(0.511 -0.0292 0.0146)
(0.5183 -0.0292 0.0146)
(0.5256 -0.0292 0.0146)
(0.5329 -0.0292 0.0146)
(0.5402 -0.0292 0.0146)
(0.5475 -0.0292 0.0146)
(0.5548 -0.0292 0.0146)
(0.5621 -0.0292 0.0146)
(0.5694 -0.0292 0.0146)
(0.5767 -0.0292 0.0146)
(0.584 -0.0292 0.0146)
(0.5913 -0.0292 0.0146)
(0.5986 -0.0292 0.0146)
(0.6059 -0.0292 0.0146)
(0.6132 -0.0292 0.0146)
(0.6205 -0.0292 0.0146)
(0.6278 -0.0292 0.0146)
(0.6351 -0.0292 0.0146)
(0.6424 -0.0292 0.0146)
(0.6497 -0.0292 0.0146)
(0.657 -0.0292 0.0146)
(0.6643 -0.0292 0.0146)
(0.6716 -0.0292 0.0146)
(0.6789 -0.0292 0.0146)
(0.6862 -0.0292 0.0146)
(0.6935 -0.0292 0.0146)
(0.7008 -0.0292 0.0146)
(0.7081 -0.0292 0.0146)
(0.7154 -0.0292 0.0146)
(0.7227 -0.0292 0.0146)
(0.73 -0.0292 0.0146)
(0 -0.0219 0.0146)
(0.0073 -0.0219 0.0146)
(0.0146 -0.0219 0.0146)
(0.0219 -0.0219 0.0146)
(0.0292 -0.0219 0.0146)
(0.0365 -0.0219 0.0146)
(0.0438 -0.0219 0.0146)
(0.0511 -0.0219 0.0146)
(0.0584 -0.0219 0.0146)
(0.0657 -0.0219 0.0146)
(0.073 -0.0219 0.0146)
(0.0803 -0.0219 0.0146)
(0.0876 -0.0219 0.0146)
(0.0949 -0.0219 0.0146)
(0.1022 -0.0219 0.0146)
(0.1095 -0.0219 0.0146)
(0.1168 -0.0219 0.0146)
(0.1241 -0.0219 0.0146)
(0.1314 -0.0219 0.0146)
(0.1387 -0.0219 0.0146)
(0.146 -0.0219 0.0146)
(0.1533 -0.0219 0.0146)
(0.1606 -0.0219 0.0146)
(0.1679 -0.0219 0.0146)
(0.1752 -0.0219 0.0146)
(0.1825 -0.0219 0.0146)
(0.1898 -0.0219 0.0146)
(0.1971 -0.0219 0.0146)
(0.2044 -0.0219 0.0146)
(0.2117 -0.0219 0.0146)
(0.219 -0.0219 0.0146)
(0.2263 -0.0219 0.0146)
(0.2336 -0.0219 0.0146)
(0.2409 -0.0219 0.0146)
(0.2482 -0.0219 0.0146)
(0.2555 -0.0219 0.0146)
(0.2628 -0.0219 0.0146)
(0.2701 -0.0219 0.0146)
(0.2774 -0.0219 0.0146)
(0.2847 -0.0219 0.0146)
(0.292 -0.0219 0.0146)
(0.2993 -0.0219 0.0146)
(0.3066 -0.0219 0.0146)
(0.3139 -0.0219 0.0146)
(0.3212 -0.0219 0.0146)
(0.3285 -0.0219 0.0146)
(0.3358 -0.0219 0.0146)
(0.3431 -0.0219 0.0146)
(0.3504 -0.0219 0.0146)
(0.3577 -0.0219 0.0146)
(0.365 -0.0219 0.0146)
(0.3723 -0.0219 0.0146)
(0.3796 -0.0219 0.0146)
(0.3869 -0.0219 0.0146)
(0.3942 -0.0219 0.0146)
(0.4015 -0.0219 0.0146)
(0.4088 -0.0219 0.0146)
(0.4161 -0.0219 0.0146)
(0.4234 -0.0219 0.0146)
(0.4307 -0.0219 0.0146)
(0.438 -0.0219 0.0146)
(0.4453 -0.0219 0.0146)
(0.4526 -0.0219 0.0146)
(0.4599 -0.0219 0.0146)
(0.4672 -0.0219 0.0146)
(0.4745 -0.0219 0.0146)
(0.4818 -0.0219 0.0146)
(0.4891 -0.0219 0.0146)
(0.4964 -0.0219 0.0146)
(0.5037 -0.0219 0.0146)
(0.511 -0.0219 0.0146)
(0.5183 -0.0219 0.0146)
(0.5256 -0.0219 0.0146)
(0.5329 -0.0219 0.0146)
(0.5402 -0.0219 0.0146)
(0.5475 -0.0219 0.0146)
(0.5548 -0.0219 0.0146)
(0.5621 -0.0219 0.0146)
(0.5694 -0.0219 0.0146)
(0.5767 -0.0219 0.0146)
(0.584 -0.0219 0.0146)
(0.5913 -0.0219 0.0146)
(0.5986 -0.0219 0.0146)
(0.6059 -0.0219 0.0146)
(0.6132 -0.0219 0.0146)
(0.6205 -0.0219 0.0146)
(0.6278 -0.0219 0.0146)
(0.6351 -0.0219 0.0146)
(0.6424 -0.0219 0.0146)
(0.6497 -0.0219 0.0146)
(0.657 -0.0219 0.0146)
(0.6643 -0.0219 0.0146)
(0.6716 -0.0219 0.0146)
(0.6789 -0.0219 0.0146)
(0.6862 -0.0219 0.0146)
(0.6935 -0.0219 0.0146)
(0.7008 -0.0219 0.0146)
(0.7081 -0.0219 0.0146)
(0.7154 -0.0219 0.0146)
(0.7227 -0.0219 0.0146)
(0.73 -0.0219 0.0146)
(0 -0.0146 0.0146)
(0.0073 -0.0146 0.0146)
(0.0146 -0.0146 0.0146)
(0.0219 -0.0146 0.0146)
(0.0292 -0.0146 0.0146)
(0.0365 -0.0146 0.0146)
(0.0438 -0.0146 0.0146)
(0.0511 -0.0146 0.0146)
(0.0584 -0.0146 0.0146)
(0.0657 -0.0146 0.0146)
(0.073 -0.0146 0.0146)
(0.0803 -0.0146 0.0146)
(0.0876 -0.0146 0.0146)
(0.0949 -0.0146 0.0146)
(0.1022 -0.0146 0.0146)
(0.1095 -0.0146 0.0146)
(0.1168 -0.0146 0.0146)
(0.1241 -0.0146 0.0146)
(0.1314 -0.0146 0.0146)
(0.1387 -0.0146 0.0146)
(0.146 -0.0146 0.0146)
(0.1533 -0.0146 0.0146)
(0.1606 -0.0146 0.0146)
(0.1679 -0.0146 0.0146)
(0.1752 -0.0146 0.0146)
(0.1825 -0.0146 0.0146)
(0.1898 -0.0146 0.0146)
(0.1971 -0.0146 0.0146)
(0.2044 -0.0146 0.0146)
(0.2117 -0.0146 0.0146)
(0.219 -0.0146 0.0146)
(0.2263 -0.0146 0.0146)
(0.2336 -0.0146 0.0146)
(0.2409 -0.0146 0.0146)
(0.2482 -0.0146 0.0146)
(0.2555 -0.0146 0.0146)
(0.2628 -0.0146 0.0146)
(0.2701 -0.0146 0.0146)
(0.2774 -0.0146 0.0146)
(0.2847 -0.0146 0.0146)
(0.292 -0.0146 0.0146)
(0.2993 -0.0146 0.0146)
(0.3066 -0.0146 0.0146)
(0.3139 -0.0146 0.0146)
(0.3212 -0.0146 0.0146)
(0.3285 -0.0146 0.0146)
(0.3358 -0.0146 0.0146)
(0.3431 -0.0146 0.0146)
(0.3504 -0.0146 0.0146)
(0.3577 -0.0146 0.0146)
(0.365 -0.0146 0.0146)
(0.3723 -0.0146 0.0146)
(0.3796 -0.0146 0.0146)
(0.3869 -0.0146 0.0146)
(0.3942 -0.0146 0.0146)
(0.4015 -0.0146 0.0146)
(0.4088 -0.0146 0.0146)
(0.4161 -0.0146 0.0146)
(0.4234 -0.0146 0.0146)
(0.4307 -0.0146 0.0146)
(0.438 -0.0146 0.0146)
(0.4453 -0.0146 0.0146)
(0.4526 -0.0146 0.0146)
(0.4599 -0.0146 0.0146)
(0.4672 -0.0146 0.0146)
(0.4745 -0.0146 0.0146)
(0.4818 -0.0146 0.0146)
(0.4891 -0.0146 0.0146)
(0.4964 -0.0146 0.0146)
(0.5037 -0.0146 0.0146)
(0.511 -0.0146 0.0146)
(0.5183 -0.0146 0.0146)
(0.5256 -0.0146 0.0146)
(0.5329 -0.0146 0.0146)
(0.5402 -0.0146 0.0146)
(0.5475 -0.0146 0.0146)
(0.5548 -0.0146 0.0146)
(0.5621 -0.0146 0.0146)
(0.5694 -0.0146 0.0146)
(0.5767 -0.0146 0.0146)
(0.584 -0.0146 0.0146)
(0.5913 -0.0146 0.0146)
(0.5986 -0.0146 0.0146)
(0.6059 -0.0146 0.0146)
(0.6132 -0.0146 0.0146)
(0.6205 -0.0146 0.0146)
(0.6278 -0.0146 0.0146)
(0.6351 -0.0146 0.0146)
(0.6424 -0.0146 0.0146)
(0.6497 -0.0146 0.0146)
(0.657 -0.0146 0.0146)
(0.6643 -0.0146 0.0146)
(0.6716 -0.0146 0.0146)
(0.6789 -0.0146 0.0146)
(0.6862 -0.0146 0.0146)
(0.6935 -0.0146 0.0146)
(0.7008 -0.0146 0.0146)
(0.7081 -0.0146 0.0146)
(0.7154 -0.0146 0.0146)
(0.7227 -0.0146 0.0146)
(0.73 -0.0146 0.0146)
(0 -0.0073 0.0146)
(0.0073 -0.0073 0.0146)
(0.0146 -0.0073 0.0146)
(0.0219 -0.0073 0.0146)
(0.0292 -0.0073 0.0146)
(0.0365 -0.0073 0.0146)
(0.0438 -0.0073 0.0146)
(0.0511 -0.0073 0.0146)
(0.0584 -0.0073 0.0146)
(0.0657 -0.0073 0.0146)
(0.073 -0.0073 0.0146)
(0.0803 -0.0073 0.0146)
(0.0876 -0.0073 0.0146)
(0.0949 -0.0073 0.0146)
(0.1022 -0.0073 0.0146)
(0.1095 -0.0073 0.0146)
(0.1168 -0.0073 0.0146)
(0.1241 -0.0073 0.0146)
(0.1314 -0.0073 0.0146)
(0.1387 -0.0073 0.0146)
(0.146 -0.0073 0.0146)
(0.1533 -0.0073 0.0146)
(0.1606 -0.0073 0.0146)
(0.1679 -0.0073 0.0146)
(0.1752 -0.0073 0.0146)
(0.1825 -0.0073 0.0146)
(0.1898 -0.0073 0.0146)
(0.1971 -0.0073 0.0146)
(0.2044 -0.0073 0.0146)
(0.2117 -0.0073 0.0146)
(0.219 -0.0073 0.0146)
(0.2263 -0.0073 0.0146)
(0.2336 -0.0073 0.0146)
(0.2409 -0.0073 0.0146)
(0.2482 -0.0073 0.0146)
(0.2555 -0.0073 0.0146)
(0.2628 -0.0073 0.0146)
(0.2701 -0.0073 0.0146)
(0.2774 -0.0073 0.0146)
(0.2847 -0.0073 0.0146)
(0.292 -0.0073 0.0146)
(0.2993 -0.0073 0.0146)
(0.3066 -0.0073 0.0146)
(0.3139 -0.0073 0.0146)
(0.3212 -0.0073 0.0146)
(0.3285 -0.0073 0.0146)
(0.3358 -0.0073 0.0146)
(0.3431 -0.0073 0.0146)
(0.3504 -0.0073 0.0146)
(0.3577 -0.0073 0.0146)
(0.365 -0.0073 0.0146)
(0.3723 -0.0073 0.0146)
(0.3796 -0.0073 0.0146)
(0.3869 -0.0073 0.0146)
(0.3942 -0.0073 0.0146)
(0.4015 -0.0073 0.0146)
(0.4088 -0.0073 0.0146)
(0.4161 -0.0073 0.0146)
(0.4234 -0.0073 0.0146)
(0.4307 -0.0073 0.0146)
(0.438 -0.0073 0.0146)
(0.4453 -0.0073 0.0146)
(0.4526 -0.0073 0.0146)
(0.4599 -0.0073 0.0146)
(0.4672 -0.0073 0.0146)
(0.4745 -0.0073 0.0146)
(0.4818 -0.0073 0.0146)
(0.4891 -0.0073 0.0146)
(0.4964 -0.0073 0.0146)
(0.5037 -0.0073 0.0146)
(0.511 -0.0073 0.0146)
(0.5183 -0.0073 0.0146)
(0.5256 -0.0073 0.0146)
(0.5329 -0.0073 0.0146)
(0.5402 -0.0073 0.0146)
(0.5475 -0.0073 0.0146)
(0.5548 -0.0073 0.0146)
(0.5621 -0.0073 0.0146)
(0.5694 -0.0073 0.0146)
(0.5767 -0.0073 0.0146)
(0.584 -0.0073 0.0146)
(0.5913 -0.0073 0.0146)
(0.5986 -0.0073 0.0146)
(0.6059 -0.0073 0.0146)
(0.6132 -0.0073 0.0146)
(0.6205 -0.0073 0.0146)
(0.6278 -0.0073 0.0146)
(0.6351 -0.0073 0.0146)
(0.6424 -0.0073 0.0146)
(0.6497 -0.0073 0.0146)
(0.657 -0.0073 0.0146)
(0.6643 -0.0073 0.0146)
(0.6716 -0.0073 0.0146)
(0.6789 -0.0073 0.0146)
(0.6862 -0.0073 0.0146)
(0.6935 -0.0073 0.0146)
(0.7008 -0.0073 0.0146)
(0.7081 -0.0073 0.0146)
(0.7154 -0.0073 0.0146)
(0.7227 -0.0073 0.0146)
(0.73 -0.0073 0.0146)
(0 0 0.0146)
(0.0073 0 0.0146)
(0.0146 0 0.0146)
(0.0219 0 0.0146)
(0.0292 0 0.0146)
(0.0365 0 0.0146)
(0.0438 0 0.0146)
(0.0511 0 0.0146)
(0.0584 0 0.0146)
(0.0657 0 0.0146)
(0.073 0 0.0146)
(0.0803 0 0.0146)
(0.0876 0 0.0146)
(0.0949 0 0.0146)
(0.1022 0 0.0146)
(0.1095 0 0.0146)
(0.1168 0 0.0146)
(0.1241 0 0.0146)
(0.1314 0 0.0146)
(0.1387 0 0.0146)
(0.146 0 0.0146)
(0.1533 0 0.0146)
(0.1606 0 0.0146)
(0.1679 0 0.0146)
(0.1752 0 0.0146)
(0.1825 0 0.0146)
(0.1898 0 0.0146)
(0.1971 0 0.0146)
(0.2044 0 0.0146)
(0.2117 0 0.0146)
(0.219 0 0.0146)
(0.2263 0 0.0146)
(0.2336 0 0.0146)
(0.2409 0 0.0146)
(0.2482 0 0.0146)
(0.2555 0 0.0146)
(0.2628 0 0.0146)
(0.2701 0 0.0146)
(0.2774 0 0.0146)
(0.2847 0 0.0146)
(0.292 0 0.0146)
(0.2993 0 0.0146)
(0.3066 0 0.0146)
(0.3139 0 0.0146)
(0.3212 0 0.0146)
(0.3285 0 0.0146)
(0.3358 0 0.0146)
(0.3431 0 0.0146)
(0.3504 0 0.0146)
(0.3577 0 0.0146)
(0.365 0 0.0146)
(0.3723 0 0.0146)
(0.3796 0 0.0146)
(0.3869 0 0.0146)
(0.3942 0 0.0146)
(0.4015 0 0.0146)
(0.4088 0 0.0146)
(0.4161 0 0.0146)
(0.4234 0 0.0146)
(0.4307 0 0.0146)
(0.438 0 0.0146)
(0.4453 0 0.0146)
(0.4526 0 0.0146)
(0.4599 0 0.0146)
(0.4672 0 0.0146)
(0.4745 0 0.0146)
(0.4818 0 0.0146)
(0.4891 0 0.0146)
(0.4964 0 0.0146)
(0.5037 0 0.0146)
(0.511 0 0.0146)
(0.5183 0 0.0146)
(0.5256 0 0.0146)
(0.5329 0 0.0146)
(0.5402 0 0.0146)
(0.5475 0 0.0146)
(0.5548 0 0.0146)
(0.5621 0 0.0146)
(0.5694 0 0.0146)
(0.5767 0 0.0146)
(0.584 0 0.0146)
(0.5913 0 0.0146)
(0.5986 0 0.0146)
(0.6059 0 0.0146)
(0.6132 0 0.0146)
(0.6205 0 0.0146)
(0.6278 0 0.0146)
(0.6351 0 0.0146)
(0.6424 0 0.0146)
(0.6497 0 0.0146)
(0.657 0 0.0146)
(0.6643 0 0.0146)
(0.6716 0 0.0146)
(0.6789 0 0.0146)
(0.6862 0 0.0146)
(0.6935 0 0.0146)
(0.7008 0 0.0146)
(0.7081 0 0.0146)
(0.7154 0 0.0146)
(0.7227 0 0.0146)
(0.73 0 0.0146)
(0 0.0073 0.0146)
(0.0073 0.0073 0.0146)
(0.0146 0.0073 0.0146)
(0.0219 0.0073 0.0146)
(0.0292 0.0073 0.0146)
(0.0365 0.0073 0.0146)
(0.0438 0.0073 0.0146)
(0.0511 0.0073 0.0146)
(0.0584 0.0073 0.0146)
(0.0657 0.0073 0.0146)
(0.073 0.0073 0.0146)
(0.0803 0.0073 0.0146)
(0.0876 0.0073 0.0146)
(0.0949 0.0073 0.0146)
(0.1022 0.0073 0.0146)
(0.1095 0.0073 0.0146)
(0.1168 0.0073 0.0146)
(0.1241 0.0073 0.0146)
(0.1314 0.0073 0.0146)
(0.1387 0.0073 0.0146)
(0.146 0.0073 0.0146)
(0.1533 0.0073 0.0146)
(0.1606 0.0073 0.0146)
(0.1679 0.0073 0.0146)
(0.1752 0.0073 0.0146)
(0.1825 0.0073 0.0146)
(0.1898 0.0073 0.0146)
(0.1971 0.0073 0.0146)
(0.2044 0.0073 0.0146)
(0.2117 0.0073 0.0146)
(0.219 0.0073 0.0146)
(0.2263 0.0073 0.0146)
(0.2336 0.0073 0.0146)
(0.2409 0.0073 0.0146)
(0.2482 0.0073 0.0146)
(0.2555 0.0073 0.0146)
(0.2628 0.0073 0.0146)
(0.2701 0.0073 0.0146)
(0.2774 0.0073 0.0146)
(0.2847 0.0073 0.0146)
(0.292 0.0073 0.0146)
(0.2993 0.0073 0.0146)
(0.3066 0.0073 0.0146)
(0.3139 0.0073 0.0146)
(0.3212 0.0073 0.0146)
(0.3285 0.0073 0.0146)
(0.3358 0.0073 0.0146)
(0.3431 0.0073 0.0146)
(0.3504 0.0073 0.0146)
(0.3577 0.0073 0.0146)
(0.365 0.0073 0.0146)
(0.3723 0.0073 0.0146)
(0.3796 0.0073 0.0146)
(0.3869 0.0073 0.0146)
(0.3942 0.0073 0.0146)
(0.4015 0.0073 0.0146)
(0.4088 0.0073 0.0146)
(0.4161 0.0073 0.0146)
(0.4234 0.0073 0.0146)
(0.4307 0.0073 0.0146)
(0.438 0.0073 0.0146)
(0.4453 0.0073 0.0146)
(0.4526 0.0073 0.0146)
(0.4599 0.0073 0.0146)
(0.4672 0.0073 0.0146)
(0.4745 0.0073 0.0146)
(0.4818 0.0073 0.0146)
(0.4891 0.0073 0.0146)
(0.4964 0.0073 0.0146)
(0.5037 0.0073 0.0146)
(0.511 0.0073 0.0146)
(0.5183 0.0073 0.0146)
(0.5256 0.0073 0.0146)
(0.5329 0.0073 0.0146)
(0.5402 0.0073 0.0146)
(0.5475 0.0073 0.0146)
(0.5548 0.0073 0.0146)
(0.5621 0.0073 0.0146)
(0.5694 0.0073 0.0146)
(0.5767 0.0073 0.0146)
(0.584 0.0073 0.0146)
(0.5913 0.0073 0.0146)
(0.5986 0.0073 0.0146)
(0.6059 0.0073 0.0146)
(0.6132 0.0073 0.0146)
(0.6205 0.0073 0.0146)
(0.6278 0.0073 0.0146)
(0.6351 0.0073 0.0146)
(0.6424 0.0073 0.0146)
(0.6497 0.0073 0.0146)
(0.657 0.0073 0.0146)
(0.6643 0.0073 0.0146)
(0.6716 0.0073 0.0146)
(0.6789 0.0073 0.0146)
(0.6862 0.0073 0.0146)
(0.6935 0.0073 0.0146)
(0.7008 0.0073 0.0146)
(0.7081 0.0073 0.0146)
(0.7154 0.0073 0.0146)
(0.7227 0.0073 0.0146)
(0.73 0.0073 0.0146)
(0 0.0146 0.0146)
(0.0073 0.0146 0.0146)
(0.0146 0.0146 0.0146)
(0.0219 0.0146 0.0146)
(0.0292 0.0146 0.0146)
(0.0365 0.0146 0.0146)
(0.0438 0.0146 0.0146)
(0.0511 0.0146 0.0146)
(0.0584 0.0146 0.0146)
(0.0657 0.0146 0.0146)
(0.073 0.0146 0.0146)
(0.0803 0.0146 0.0146)
(0.0876 0.0146 0.0146)
(0.0949 0.0146 0.0146)
(0.1022 0.0146 0.0146)
(0.1095 0.0146 0.0146)
(0.1168 0.0146 0.0146)
(0.1241 0.0146 0.0146)
(0.1314 0.0146 0.0146)
(0.1387 0.0146 0.0146)
(0.146 0.0146 0.0146)
(0.1533 0.0146 0.0146)
(0.1606 0.0146 0.0146)
(0.1679 0.0146 0.0146)
(0.1752 0.0146 0.0146)
(0.1825 0.0146 0.0146)
(0.1898 0.0146 0.0146)
(0.1971 0.0146 0.0146)
(0.2044 0.0146 0.0146)
(0.2117 0.0146 0.0146)
(0.219 0.0146 0.0146)
(0.2263 0.0146 0.0146)
(0.2336 0.0146 0.0146)
(0.2409 0.0146 0.0146)
(0.2482 0.0146 0.0146)
(0.2555 0.0146 0.0146)
(0.2628 0.0146 0.0146)
(0.2701 0.0146 0.0146)
(0.2774 0.0146 0.0146)
(0.2847 0.0146 0.0146)
(0.292 0.0146 0.0146)
(0.2993 0.0146 0.0146)
(0.3066 0.0146 0.0146)
(0.3139 0.0146 0.0146)
(0.3212 0.0146 0.0146)
(0.3285 0.0146 0.0146)
(0.3358 0.0146 0.0146)
(0.3431 0.0146 0.0146)
(0.3504 0.0146 0.0146)
(0.3577 0.0146 0.0146)
(0.365 0.0146 0.0146)
(0.3723 0.0146 0.0146)
(0.3796 0.0146 0.0146)
(0.3869 0.0146 0.0146)
(0.3942 0.0146 0.0146)
(0.4015 0.0146 0.0146)
(0.4088 0.0146 0.0146)
(0.4161 0.0146 0.0146)
(0.4234 0.0146 0.0146)
(0.4307 0.0146 0.0146)
(0.438 0.0146 0.0146)
(0.4453 0.0146 0.0146)
(0.4526 0.0146 0.0146)
(0.4599 0.0146 0.0146)
(0.4672 0.0146 0.0146)
(0.4745 0.0146 0.0146)
(0.4818 0.0146 0.0146)
(0.4891 0.0146 0.0146)
(0.4964 0.0146 0.0146)
(0.5037 0.0146 0.0146)
(0.511 0.0146 0.0146)
(0.5183 0.0146 0.0146)
(0.5256 0.0146 0.0146)
(0.5329 0.0146 0.0146)
(0.5402 0.0146 0.0146)
(0.5475 0.0146 0.0146)
(0.5548 0.0146 0.0146)
(0.5621 0.0146 0.0146)
(0.5694 0.0146 0.0146)
(0.5767 0.0146 0.0146)
(0.584 0.0146 0.0146)
(0.5913 0.0146 0.0146)
(0.5986 0.0146 0.0146)
(0.6059 0.0146 0.0146)
(0.6132 0.0146 0.0146)
(0.6205 0.0146 0.0146)
(0.6278 0.0146 0.0146)
(0.6351 0.0146 0.0146)
(0.6424 0.0146 0.0146)
(0.6497 0.0146 0.0146)
(0.657 0.0146 0.0146)
(0.6643 0.0146 0.0146)
(0.6716 0.0146 0.0146)
(0.6789 0.0146 0.0146)
(0.6862 0.0146 0.0146)
(0.6935 0.0146 0.0146)
(0.7008 0.0146 0.0146)
(0.7081 0.0146 0.0146)
(0.7154 0.0146 0.0146)
(0.7227 0.0146 0.0146)
(0.73 0.0146 0.0146)
(0 0.0219 0.0146)
(0.0073 0.0219 0.0146)
(0.0146 0.0219 0.0146)
(0.0219 0.0219 0.0146)
(0.0292 0.0219 0.0146)
(0.0365 0.0219 0.0146)
(0.0438 0.0219 0.0146)
(0.0511 0.0219 0.0146)
(0.0584 0.0219 0.0146)
(0.0657 0.0219 0.0146)
(0.073 0.0219 0.0146)
(0.0803 0.0219 0.0146)
(0.0876 0.0219 0.0146)
(0.0949 0.0219 0.0146)
(0.1022 0.0219 0.0146)
(0.1095 0.0219 0.0146)
(0.1168 0.0219 0.0146)
(0.1241 0.0219 0.0146)
(0.1314 0.0219 0.0146)
(0.1387 0.0219 0.0146)
(0.146 0.0219 0.0146)
(0.1533 0.0219 0.0146)
(0.1606 0.0219 0.0146)
(0.1679 0.0219 0.0146)
(0.1752 0.0219 0.0146)
(0.1825 0.0219 0.0146)
(0.1898 0.0219 0.0146)
(0.1971 0.0219 0.0146)
(0.2044 0.0219 0.0146)
(0.2117 0.0219 0.0146)
(0.219 0.0219 0.0146)
(0.2263 0.0219 0.0146)
(0.2336 0.0219 0.0146)
(0.2409 0.0219 0.0146)
(0.2482 0.0219 0.0146)
(0.2555 0.0219 0.0146)
(0.2628 0.0219 0.0146)
(0.2701 0.0219 0.0146)
(0.2774 0.0219 0.0146)
(0.2847 0.0219 0.0146)
(0.292 0.0219 0.0146)
(0.2993 0.0219 0.0146)
(0.3066 0.0219 0.0146)
(0.3139 0.0219 0.0146)
(0.3212 0.0219 0.0146)
(0.3285 0.0219 0.0146)
(0.3358 0.0219 0.0146)
(0.3431 0.0219 0.0146)
(0.3504 0.0219 0.0146)
(0.3577 0.0219 0.0146)
(0.365 0.0219 0.0146)
(0.3723 0.0219 0.0146)
(0.3796 0.0219 0.0146)
(0.3869 0.0219 0.0146)
(0.3942 0.0219 0.0146)
(0.4015 0.0219 0.0146)
(0.4088 0.0219 0.0146)
(0.4161 0.0219 0.0146)
(0.4234 0.0219 0.0146)
(0.4307 0.0219 0.0146)
(0.438 0.0219 0.0146)
(0.4453 0.0219 0.0146)
(0.4526 0.0219 0.0146)
(0.4599 0.0219 0.0146)
(0.4672 0.0219 0.0146)
(0.4745 0.0219 0.0146)
(0.4818 0.0219 0.0146)
(0.4891 0.0219 0.0146)
(0.4964 0.0219 0.0146)
(0.5037 0.0219 0.0146)
(0.511 0.0219 0.0146)
(0.5183 0.0219 0.0146)
(0.5256 0.0219 0.0146)
(0.5329 0.0219 0.0146)
(0.5402 0.0219 0.0146)
(0.5475 0.0219 0.0146)
(0.5548 0.0219 0.0146)
(0.5621 0.0219 0.0146)
(0.5694 0.0219 0.0146)
(0.5767 0.0219 0.0146)
(0.584 0.0219 0.0146)
(0.5913 0.0219 0.0146)
(0.5986 0.0219 0.0146)
(0.6059 0.0219 0.0146)
(0.6132 0.0219 0.0146)
(0.6205 0.0219 0.0146)
(0.6278 0.0219 0.0146)
(0.6351 0.0219 0.0146)
(0.6424 0.0219 0.0146)
(0.6497 0.0219 0.0146)
(0.657 0.0219 0.0146)
(0.6643 0.0219 0.0146)
(0.6716 0.0219 0.0146)
(0.6789 0.0219 0.0146)
(0.6862 0.0219 0.0146)
(0.6935 0.0219 0.0146)
(0.7008 0.0219 0.0146)
(0.7081 0.0219 0.0146)
(0.7154 0.0219 0.0146)
(0.7227 0.0219 0.0146)
(0.73 0.0219 0.0146)
(0 0.0292 0.0146)
(0.0073 0.0292 0.0146)
(0.0146 0.0292 0.0146)
(0.0219 0.0292 0.0146)
(0.0292 0.0292 0.0146)
(0.0365 0.0292 0.0146)
(0.0438 0.0292 0.0146)
(0.0511 0.0292 0.0146)
(0.0584 0.0292 0.0146)
(0.0657 0.0292 0.0146)
(0.073 0.0292 0.0146)
(0.0803 0.0292 0.0146)
(0.0876 0.0292 0.0146)
(0.0949 0.0292 0.0146)
(0.1022 0.0292 0.0146)
(0.1095 0.0292 0.0146)
(0.1168 0.0292 0.0146)
(0.1241 0.0292 0.0146)
(0.1314 0.0292 0.0146)
(0.1387 0.0292 0.0146)
(0.146 0.0292 0.0146)
(0.1533 0.0292 0.0146)
(0.1606 0.0292 0.0146)
(0.1679 0.0292 0.0146)
(0.1752 0.0292 0.0146)
(0.1825 0.0292 0.0146)
(0.1898 0.0292 0.0146)
(0.1971 0.0292 0.0146)
(0.2044 0.0292 0.0146)
(0.2117 0.0292 0.0146)
(0.219 0.0292 0.0146)
(0.2263 0.0292 0.0146)
(0.2336 0.0292 0.0146)
(0.2409 0.0292 0.0146)
(0.2482 0.0292 0.0146)
(0.2555 0.0292 0.0146)
(0.2628 0.0292 0.0146)
(0.2701 0.0292 0.0146)
(0.2774 0.0292 0.0146)
(0.2847 0.0292 0.0146)
(0.292 0.0292 0.0146)
(0.2993 0.0292 0.0146)
(0.3066 0.0292 0.0146)
(0.3139 0.0292 0.0146)
(0.3212 0.0292 0.0146)
(0.3285 0.0292 0.0146)
(0.3358 0.0292 0.0146)
(0.3431 0.0292 0.0146)
(0.3504 0.0292 0.0146)
(0.3577 0.0292 0.0146)
(0.365 0.0292 0.0146)
(0.3723 0.0292 0.0146)
(0.3796 0.0292 0.0146)
(0.3869 0.0292 0.0146)
(0.3942 0.0292 0.0146)
(0.4015 0.0292 0.0146)
(0.4088 0.0292 0.0146)
(0.4161 0.0292 0.0146)
(0.4234 0.0292 0.0146)
(0.4307 0.0292 0.0146)
(0.438 0.0292 0.0146)
(0.4453 0.0292 0.0146)
(0.4526 0.0292 0.0146)
(0.4599 0.0292 0.0146)
(0.4672 0.0292 0.0146)
(0.4745 0.0292 0.0146)
(0.4818 0.0292 0.0146)
(0.4891 0.0292 0.0146)
(0.4964 0.0292 0.0146)
(0.5037 0.0292 0.0146)
(0.511 0.0292 0.0146)
(0.5183 0.0292 0.0146)
(0.5256 0.0292 0.0146)
(0.5329 0.0292 0.0146)
(0.5402 0.0292 0.0146)
(0.5475 0.0292 0.0146)
(0.5548 0.0292 0.0146)
(0.5621 0.0292 0.0146)
(0.5694 0.0292 0.0146)
(0.5767 0.0292 0.0146)
(0.584 0.0292 0.0146)
(0.5913 0.0292 0.0146)
(0.5986 0.0292 0.0146)
(0.6059 0.0292 0.0146)
(0.6132 0.0292 0.0146)
(0.6205 0.0292 0.0146)
(0.6278 0.0292 0.0146)
(0.6351 0.0292 0.0146)
(0.6424 0.0292 0.0146)
(0.6497 0.0292 0.0146)
(0.657 0.0292 0.0146)
(0.6643 0.0292 0.0146)
(0.6716 0.0292 0.0146)
(0.6789 0.0292 0.0146)
(0.6862 0.0292 0.0146)
(0.6935 0.0292 0.0146)
(0.7008 0.0292 0.0146)
(0.7081 0.0292 0.0146)
(0.7154 0.0292 0.0146)
(0.7227 0.0292 0.0146)
(0.73 0.0292 0.0146)
(0 0.0365 0.0146)
(0.0073 0.0365 0.0146)
(0.0146 0.0365 0.0146)
(0.0219 0.0365 0.0146)
(0.0292 0.0365 0.0146)
(0.0365 0.0365 0.0146)
(0.0438 0.0365 0.0146)
(0.0511 0.0365 0.0146)
(0.0584 0.0365 0.0146)
(0.0657 0.0365 0.0146)
(0.073 0.0365 0.0146)
(0.0803 0.0365 0.0146)
(0.0876 0.0365 0.0146)
(0.0949 0.0365 0.0146)
(0.1022 0.0365 0.0146)
(0.1095 0.0365 0.0146)
(0.1168 0.0365 0.0146)
(0.1241 0.0365 0.0146)
(0.1314 0.0365 0.0146)
(0.1387 0.0365 0.0146)
(0.146 0.0365 0.0146)
(0.1533 0.0365 0.0146)
(0.1606 0.0365 0.0146)
(0.1679 0.0365 0.0146)
(0.1752 0.0365 0.0146)
(0.1825 0.0365 0.0146)
(0.1898 0.0365 0.0146)
(0.1971 0.0365 0.0146)
(0.2044 0.0365 0.0146)
(0.2117 0.0365 0.0146)
(0.219 0.0365 0.0146)
(0.2263 0.0365 0.0146)
(0.2336 0.0365 0.0146)
(0.2409 0.0365 0.0146)
(0.2482 0.0365 0.0146)
(0.2555 0.0365 0.0146)
(0.2628 0.0365 0.0146)
(0.2701 0.0365 0.0146)
(0.2774 0.0365 0.0146)
(0.2847 0.0365 0.0146)
(0.292 0.0365 0.0146)
(0.2993 0.0365 0.0146)
(0.3066 0.0365 0.0146)
(0.3139 0.0365 0.0146)
(0.3212 0.0365 0.0146)
(0.3285 0.0365 0.0146)
(0.3358 0.0365 0.0146)
(0.3431 0.0365 0.0146)
(0.3504 0.0365 0.0146)
(0.3577 0.0365 0.0146)
(0.365 0.0365 0.0146)
(0.3723 0.0365 0.0146)
(0.3796 0.0365 0.0146)
(0.3869 0.0365 0.0146)
(0.3942 0.0365 0.0146)
(0.4015 0.0365 0.0146)
(0.4088 0.0365 0.0146)
(0.4161 0.0365 0.0146)
(0.4234 0.0365 0.0146)
(0.4307 0.0365 0.0146)
(0.438 0.0365 0.0146)
(0.4453 0.0365 0.0146)
(0.4526 0.0365 0.0146)
(0.4599 0.0365 0.0146)
(0.4672 0.0365 0.0146)
(0.4745 0.0365 0.0146)
(0.4818 0.0365 0.0146)
(0.4891 0.0365 0.0146)
(0.4964 0.0365 0.0146)
(0.5037 0.0365 0.0146)
(0.511 0.0365 0.0146)
(0.5183 0.0365 0.0146)
(0.5256 0.0365 0.0146)
(0.5329 0.0365 0.0146)
(0.5402 0.0365 0.0146)
(0.5475 0.0365 0.0146)
(0.5548 0.0365 0.0146)
(0.5621 0.0365 0.0146)
(0.5694 0.0365 0.0146)
(0.5767 0.0365 0.0146)
(0.584 0.0365 0.0146)
(0.5913 0.0365 0.0146)
(0.5986 0.0365 0.0146)
(0.6059 0.0365 0.0146)
(0.6132 0.0365 0.0146)
(0.6205 0.0365 0.0146)
(0.6278 0.0365 0.0146)
(0.6351 0.0365 0.0146)
(0.6424 0.0365 0.0146)
(0.6497 0.0365 0.0146)
(0.657 0.0365 0.0146)
(0.6643 0.0365 0.0146)
(0.6716 0.0365 0.0146)
(0.6789 0.0365 0.0146)
(0.6862 0.0365 0.0146)
(0.6935 0.0365 0.0146)
(0.7008 0.0365 0.0146)
(0.7081 0.0365 0.0146)
(0.7154 0.0365 0.0146)
(0.7227 0.0365 0.0146)
(0.73 0.0365 0.0146)
(0 0.0438 0.0146)
(0.0073 0.0438 0.0146)
(0.0146 0.0438 0.0146)
(0.0219 0.0438 0.0146)
(0.0292 0.0438 0.0146)
(0.0365 0.0438 0.0146)
(0.0438 0.0438 0.0146)
(0.0511 0.0438 0.0146)
(0.0584 0.0438 0.0146)
(0.0657 0.0438 0.0146)
(0.073 0.0438 0.0146)
(0.0803 0.0438 0.0146)
(0.0876 0.0438 0.0146)
(0.0949 0.0438 0.0146)
(0.1022 0.0438 0.0146)
(0.1095 0.0438 0.0146)
(0.1168 0.0438 0.0146)
(0.1241 0.0438 0.0146)
(0.1314 0.0438 0.0146)
(0.1387 0.0438 0.0146)
(0.146 0.0438 0.0146)
(0.1533 0.0438 0.0146)
(0.1606 0.0438 0.0146)
(0.1679 0.0438 0.0146)
(0.1752 0.0438 0.0146)
(0.1825 0.0438 0.0146)
(0.1898 0.0438 0.0146)
(0.1971 0.0438 0.0146)
(0.2044 0.0438 0.0146)
(0.2117 0.0438 0.0146)
(0.219 0.0438 0.0146)
(0.2263 0.0438 0.0146)
(0.2336 0.0438 0.0146)
(0.2409 0.0438 0.0146)
(0.2482 0.0438 0.0146)
(0.2555 0.0438 0.0146)
(0.2628 0.0438 0.0146)
(0.2701 0.0438 0.0146)
(0.2774 0.0438 0.0146)
(0.2847 0.0438 0.0146)
(0.292 0.0438 0.0146)
(0.2993 0.0438 0.0146)
(0.3066 0.0438 0.0146)
(0.3139 0.0438 0.0146)
(0.3212 0.0438 0.0146)
(0.3285 0.0438 0.0146)
(0.3358 0.0438 0.0146)
(0.3431 0.0438 0.0146)
(0.3504 0.0438 0.0146)
(0.3577 0.0438 0.0146)
(0.365 0.0438 0.0146)
(0.3723 0.0438 0.0146)
(0.3796 0.0438 0.0146)
(0.3869 0.0438 0.0146)
(0.3942 0.0438 0.0146)
(0.4015 0.0438 0.0146)
(0.4088 0.0438 0.0146)
(0.4161 0.0438 0.0146)
(0.4234 0.0438 0.0146)
(0.4307 0.0438 0.0146)
(0.438 0.0438 0.0146)
(0.4453 0.0438 0.0146)
(0.4526 0.0438 0.0146)
(0.4599 0.0438 0.0146)
(0.4672 0.0438 0.0146)
(0.4745 0.0438 0.0146)
(0.4818 0.0438 0.0146)
(0.4891 0.0438 0.0146)
(0.4964 0.0438 0.0146)
(0.5037 0.0438 0.0146)
(0.511 0.0438 0.0146)
(0.5183 0.0438 0.0146)
(0.5256 0.0438 0.0146)
(0.5329 0.0438 0.0146)
(0.5402 0.0438 0.0146)
(0.5475 0.0438 0.0146)
(0.5548 0.0438 0.0146)
(0.5621 0.0438 0.0146)
(0.5694 0.0438 0.0146)
(0.5767 0.0438 0.0146)
(0.584 0.0438 0.0146)
(0.5913 0.0438 0.0146)
(0.5986 0.0438 0.0146)
(0.6059 0.0438 0.0146)
(0.6132 0.0438 0.0146)
(0.6205 0.0438 0.0146)
(0.6278 0.0438 0.0146)
(0.6351 0.0438 0.0146)
(0.6424 0.0438 0.0146)
(0.6497 0.0438 0.0146)
(0.657 0.0438 0.0146)
(0.6643 0.0438 0.0146)
(0.6716 0.0438 0.0146)
(0.6789 0.0438 0.0146)
(0.6862 0.0438 0.0146)
(0.6935 0.0438 0.0146)
(0.7008 0.0438 0.0146)
(0.7081 0.0438 0.0146)
(0.7154 0.0438 0.0146)
(0.7227 0.0438 0.0146)
(0.73 0.0438 0.0146)
(0 0.0511 0.0146)
(0.0073 0.0511 0.0146)
(0.0146 0.0511 0.0146)
(0.0219 0.0511 0.0146)
(0.0292 0.0511 0.0146)
(0.0365 0.0511 0.0146)
(0.0438 0.0511 0.0146)
(0.0511 0.0511 0.0146)
(0.0584 0.0511 0.0146)
(0.0657 0.0511 0.0146)
(0.073 0.0511 0.0146)
(0.0803 0.0511 0.0146)
(0.0876 0.0511 0.0146)
(0.0949 0.0511 0.0146)
(0.1022 0.0511 0.0146)
(0.1095 0.0511 0.0146)
(0.1168 0.0511 0.0146)
(0.1241 0.0511 0.0146)
(0.1314 0.0511 0.0146)
(0.1387 0.0511 0.0146)
(0.146 0.0511 0.0146)
(0.1533 0.0511 0.0146)
(0.1606 0.0511 0.0146)
(0.1679 0.0511 0.0146)
(0.1752 0.0511 0.0146)
(0.1825 0.0511 0.0146)
(0.1898 0.0511 0.0146)
(0.1971 0.0511 0.0146)
(0.2044 0.0511 0.0146)
(0.2117 0.0511 0.0146)
(0.219 0.0511 0.0146)
(0.2263 0.0511 0.0146)
(0.2336 0.0511 0.0146)
(0.2409 0.0511 0.0146)
(0.2482 0.0511 0.0146)
(0.2555 0.0511 0.0146)
(0.2628 0.0511 0.0146)
(0.2701 0.0511 0.0146)
(0.2774 0.0511 0.0146)
(0.2847 0.0511 0.0146)
(0.292 0.0511 0.0146)
(0.2993 0.0511 0.0146)
(0.3066 0.0511 0.0146)
(0.3139 0.0511 0.0146)
(0.3212 0.0511 0.0146)
(0.3285 0.0511 0.0146)
(0.3358 0.0511 0.0146)
(0.3431 0.0511 0.0146)
(0.3504 0.0511 0.0146)
(0.3577 0.0511 0.0146)
(0.365 0.0511 0.0146)
(0.3723 0.0511 0.0146)
(0.3796 0.0511 0.0146)
(0.3869 0.0511 0.0146)
(0.3942 0.0511 0.0146)
(0.4015 0.0511 0.0146)
(0.4088 0.0511 0.0146)
(0.4161 0.0511 0.0146)
(0.4234 0.0511 0.0146)
(0.4307 0.0511 0.0146)
(0.438 0.0511 0.0146)
(0.4453 0.0511 0.0146)
(0.4526 0.0511 0.0146)
(0.4599 0.0511 0.0146)
(0.4672 0.0511 0.0146)
(0.4745 0.0511 0.0146)
(0.4818 0.0511 0.0146)
(0.4891 0.0511 0.0146)
(0.4964 0.0511 0.0146)
(0.5037 0.0511 0.0146)
(0.511 0.0511 0.0146)
(0.5183 0.0511 0.0146)
(0.5256 0.0511 0.0146)
(0.5329 0.0511 0.0146)
(0.5402 0.0511 0.0146)
(0.5475 0.0511 0.0146)
(0.5548 0.0511 0.0146)
(0.5621 0.0511 0.0146)
(0.5694 0.0511 0.0146)
(0.5767 0.0511 0.0146)
(0.584 0.0511 0.0146)
(0.5913 0.0511 0.0146)
(0.5986 0.0511 0.0146)
(0.6059 0.0511 0.0146)
(0.6132 0.0511 0.0146)
(0.6205 0.0511 0.0146)
(0.6278 0.0511 0.0146)
(0.6351 0.0511 0.0146)
(0.6424 0.0511 0.0146)
(0.6497 0.0511 0.0146)
(0.657 0.0511 0.0146)
(0.6643 0.0511 0.0146)
(0.6716 0.0511 0.0146)
(0.6789 0.0511 0.0146)
(0.6862 0.0511 0.0146)
(0.6935 0.0511 0.0146)
(0.7008 0.0511 0.0146)
(0.7081 0.0511 0.0146)
(0.7154 0.0511 0.0146)
(0.7227 0.0511 0.0146)
(0.73 0.0511 0.0146)
(0 0.0584 0.0146)
(0.0073 0.0584 0.0146)
(0.0146 0.0584 0.0146)
(0.0219 0.0584 0.0146)
(0.0292 0.0584 0.0146)
(0.0365 0.0584 0.0146)
(0.0438 0.0584 0.0146)
(0.0511 0.0584 0.0146)
(0.0584 0.0584 0.0146)
(0.0657 0.0584 0.0146)
(0.073 0.0584 0.0146)
(0.0803 0.0584 0.0146)
(0.0876 0.0584 0.0146)
(0.0949 0.0584 0.0146)
(0.1022 0.0584 0.0146)
(0.1095 0.0584 0.0146)
(0.1168 0.0584 0.0146)
(0.1241 0.0584 0.0146)
(0.1314 0.0584 0.0146)
(0.1387 0.0584 0.0146)
(0.146 0.0584 0.0146)
(0.1533 0.0584 0.0146)
(0.1606 0.0584 0.0146)
(0.1679 0.0584 0.0146)
(0.1752 0.0584 0.0146)
(0.1825 0.0584 0.0146)
(0.1898 0.0584 0.0146)
(0.1971 0.0584 0.0146)
(0.2044 0.0584 0.0146)
(0.2117 0.0584 0.0146)
(0.219 0.0584 0.0146)
(0.2263 0.0584 0.0146)
(0.2336 0.0584 0.0146)
(0.2409 0.0584 0.0146)
(0.2482 0.0584 0.0146)
(0.2555 0.0584 0.0146)
(0.2628 0.0584 0.0146)
(0.2701 0.0584 0.0146)
(0.2774 0.0584 0.0146)
(0.2847 0.0584 0.0146)
(0.292 0.0584 0.0146)
(0.2993 0.0584 0.0146)
(0.3066 0.0584 0.0146)
(0.3139 0.0584 0.0146)
(0.3212 0.0584 0.0146)
(0.3285 0.0584 0.0146)
(0.3358 0.0584 0.0146)
(0.3431 0.0584 0.0146)
(0.3504 0.0584 0.0146)
(0.3577 0.0584 0.0146)
(0.365 0.0584 0.0146)
(0.3723 0.0584 0.0146)
(0.3796 0.0584 0.0146)
(0.3869 0.0584 0.0146)
(0.3942 0.0584 0.0146)
(0.4015 0.0584 0.0146)
(0.4088 0.0584 0.0146)
(0.4161 0.0584 0.0146)
(0.4234 0.0584 0.0146)
(0.4307 0.0584 0.0146)
(0.438 0.0584 0.0146)
(0.4453 0.0584 0.0146)
(0.4526 0.0584 0.0146)
(0.4599 0.0584 0.0146)
(0.4672 0.0584 0.0146)
(0.4745 0.0584 0.0146)
(0.4818 0.0584 0.0146)
(0.4891 0.0584 0.0146)
(0.4964 0.0584 0.0146)
(0.5037 0.0584 0.0146)
(0.511 0.0584 0.0146)
(0.5183 0.0584 0.0146)
(0.5256 0.0584 0.0146)
(0.5329 0.0584 0.0146)
(0.5402 0.0584 0.0146)
(0.5475 0.0584 0.0146)
(0.5548 0.0584 0.0146)
(0.5621 0.0584 0.0146)
(0.5694 0.0584 0.0146)
(0.5767 0.0584 0.0146)
(0.584 0.0584 0.0146)
(0.5913 0.0584 0.0146)
(0.5986 0.0584 0.0146)
(0.6059 0.0584 0.0146)
(0.6132 0.0584 0.0146)
(0.6205 0.0584 0.0146)
(0.6278 0.0584 0.0146)
(0.6351 0.0584 0.0146)
(0.6424 0.0584 0.0146)
(0.6497 0.0584 0.0146)
(0.657 0.0584 0.0146)
(0.6643 0.0584 0.0146)
(0.6716 0.0584 0.0146)
(0.6789 0.0584 0.0146)
(0.6862 0.0584 0.0146)
(0.6935 0.0584 0.0146)
(0.7008 0.0584 0.0146)
(0.7081 0.0584 0.0146)
(0.7154 0.0584 0.0146)
(0.7227 0.0584 0.0146)
(0.73 0.0584 0.0146)
(0 0.0657 0.0146)
(0.0073 0.0657 0.0146)
(0.0146 0.0657 0.0146)
(0.0219 0.0657 0.0146)
(0.0292 0.0657 0.0146)
(0.0365 0.0657 0.0146)
(0.0438 0.0657 0.0146)
(0.0511 0.0657 0.0146)
(0.0584 0.0657 0.0146)
(0.0657 0.0657 0.0146)
(0.073 0.0657 0.0146)
(0.0803 0.0657 0.0146)
(0.0876 0.0657 0.0146)
(0.0949 0.0657 0.0146)
(0.1022 0.0657 0.0146)
(0.1095 0.0657 0.0146)
(0.1168 0.0657 0.0146)
(0.1241 0.0657 0.0146)
(0.1314 0.0657 0.0146)
(0.1387 0.0657 0.0146)
(0.146 0.0657 0.0146)
(0.1533 0.0657 0.0146)
(0.1606 0.0657 0.0146)
(0.1679 0.0657 0.0146)
(0.1752 0.0657 0.0146)
(0.1825 0.0657 0.0146)
(0.1898 0.0657 0.0146)
(0.1971 0.0657 0.0146)
(0.2044 0.0657 0.0146)
(0.2117 0.0657 0.0146)
(0.219 0.0657 0.0146)
(0.2263 0.0657 0.0146)
(0.2336 0.0657 0.0146)
(0.2409 0.0657 0.0146)
(0.2482 0.0657 0.0146)
(0.2555 0.0657 0.0146)
(0.2628 0.0657 0.0146)
(0.2701 0.0657 0.0146)
(0.2774 0.0657 0.0146)
(0.2847 0.0657 0.0146)
(0.292 0.0657 0.0146)
(0.2993 0.0657 0.0146)
(0.3066 0.0657 0.0146)
(0.3139 0.0657 0.0146)
(0.3212 0.0657 0.0146)
(0.3285 0.0657 0.0146)
(0.3358 0.0657 0.0146)
(0.3431 0.0657 0.0146)
(0.3504 0.0657 0.0146)
(0.3577 0.0657 0.0146)
(0.365 0.0657 0.0146)
(0.3723 0.0657 0.0146)
(0.3796 0.0657 0.0146)
(0.3869 0.0657 0.0146)
(0.3942 0.0657 0.0146)
(0.4015 0.0657 0.0146)
(0.4088 0.0657 0.0146)
(0.4161 0.0657 0.0146)
(0.4234 0.0657 0.0146)
(0.4307 0.0657 0.0146)
(0.438 0.0657 0.0146)
(0.4453 0.0657 0.0146)
(0.4526 0.0657 0.0146)
(0.4599 0.0657 0.0146)
(0.4672 0.0657 0.0146)
(0.4745 0.0657 0.0146)
(0.4818 0.0657 0.0146)
(0.4891 0.0657 0.0146)
(0.4964 0.0657 0.0146)
(0.5037 0.0657 0.0146)
(0.511 0.0657 0.0146)
(0.5183 0.0657 0.0146)
(0.5256 0.0657 0.0146)
(0.5329 0.0657 0.0146)
(0.5402 0.0657 0.0146)
(0.5475 0.0657 0.0146)
(0.5548 0.0657 0.0146)
(0.5621 0.0657 0.0146)
(0.5694 0.0657 0.0146)
(0.5767 0.0657 0.0146)
(0.584 0.0657 0.0146)
(0.5913 0.0657 0.0146)
(0.5986 0.0657 0.0146)
(0.6059 0.0657 0.0146)
(0.6132 0.0657 0.0146)
(0.6205 0.0657 0.0146)
(0.6278 0.0657 0.0146)
(0.6351 0.0657 0.0146)
(0.6424 0.0657 0.0146)
(0.6497 0.0657 0.0146)
(0.657 0.0657 0.0146)
(0.6643 0.0657 0.0146)
(0.6716 0.0657 0.0146)
(0.6789 0.0657 0.0146)
(0.6862 0.0657 0.0146)
(0.6935 0.0657 0.0146)
(0.7008 0.0657 0.0146)
(0.7081 0.0657 0.0146)
(0.7154 0.0657 0.0146)
(0.7227 0.0657 0.0146)
(0.73 0.0657 0.0146)
(0 0.073 0.0146)
(0.0073 0.073 0.0146)
(0.0146 0.073 0.0146)
(0.0219 0.073 0.0146)
(0.0292 0.073 0.0146)
(0.0365 0.073 0.0146)
(0.0438 0.073 0.0146)
(0.0511 0.073 0.0146)
(0.0584 0.073 0.0146)
(0.0657 0.073 0.0146)
(0.073 0.073 0.0146)
(0.0803 0.073 0.0146)
(0.0876 0.073 0.0146)
(0.0949 0.073 0.0146)
(0.1022 0.073 0.0146)
(0.1095 0.073 0.0146)
(0.1168 0.073 0.0146)
(0.1241 0.073 0.0146)
(0.1314 0.073 0.0146)
(0.1387 0.073 0.0146)
(0.146 0.073 0.0146)
(0.1533 0.073 0.0146)
(0.1606 0.073 0.0146)
(0.1679 0.073 0.0146)
(0.1752 0.073 0.0146)
(0.1825 0.073 0.0146)
(0.1898 0.073 0.0146)
(0.1971 0.073 0.0146)
(0.2044 0.073 0.0146)
(0.2117 0.073 0.0146)
(0.219 0.073 0.0146)
(0.2263 0.073 0.0146)
(0.2336 0.073 0.0146)
(0.2409 0.073 0.0146)
(0.2482 0.073 0.0146)
(0.2555 0.073 0.0146)
(0.2628 0.073 0.0146)
(0.2701 0.073 0.0146)
(0.2774 0.073 0.0146)
(0.2847 0.073 0.0146)
(0.292 0.073 0.0146)
(0.2993 0.073 0.0146)
(0.3066 0.073 0.0146)
(0.3139 0.073 0.0146)
(0.3212 0.073 0.0146)
(0.3285 0.073 0.0146)
(0.3358 0.073 0.0146)
(0.3431 0.073 0.0146)
(0.3504 0.073 0.0146)
(0.3577 0.073 0.0146)
(0.365 0.073 0.0146)
(0.3723 0.073 0.0146)
(0.3796 0.073 0.0146)
(0.3869 0.073 0.0146)
(0.3942 0.073 0.0146)
(0.4015 0.073 0.0146)
(0.4088 0.073 0.0146)
(0.4161 0.073 0.0146)
(0.4234 0.073 0.0146)
(0.4307 0.073 0.0146)
(0.438 0.073 0.0146)
(0.4453 0.073 0.0146)
(0.4526 0.073 0.0146)
(0.4599 0.073 0.0146)
(0.4672 0.073 0.0146)
(0.4745 0.073 0.0146)
(0.4818 0.073 0.0146)
(0.4891 0.073 0.0146)
(0.4964 0.073 0.0146)
(0.5037 0.073 0.0146)
(0.511 0.073 0.0146)
(0.5183 0.073 0.0146)
(0.5256 0.073 0.0146)
(0.5329 0.073 0.0146)
(0.5402 0.073 0.0146)
(0.5475 0.073 0.0146)
(0.5548 0.073 0.0146)
(0.5621 0.073 0.0146)
(0.5694 0.073 0.0146)
(0.5767 0.073 0.0146)
(0.584 0.073 0.0146)
(0.5913 0.073 0.0146)
(0.5986 0.073 0.0146)
(0.6059 0.073 0.0146)
(0.6132 0.073 0.0146)
(0.6205 0.073 0.0146)
(0.6278 0.073 0.0146)
(0.6351 0.073 0.0146)
(0.6424 0.073 0.0146)
(0.6497 0.073 0.0146)
(0.657 0.073 0.0146)
(0.6643 0.073 0.0146)
(0.6716 0.073 0.0146)
(0.6789 0.073 0.0146)
(0.6862 0.073 0.0146)
(0.6935 0.073 0.0146)
(0.7008 0.073 0.0146)
(0.7081 0.073 0.0146)
(0.7154 0.073 0.0146)
(0.7227 0.073 0.0146)
(0.73 0.073 0.0146)
)


// ************************************************************************* //
